-0.0967
-0.1055
-0.1055
-0.1025
-0.0762
-0.0908
-0.0352
0.0322
0.0352
-0.0967
-0.0557
-0.0322
-0.0234
-0.0146
-0.0029
-0.0029
0.0322
-0.0381
0.0117
0.0322
0.0645
0.0703
0.0996
0.1055
0.0527
0.0176
0.0029
-0.1143
-0.126
-0.1084
-0.0937
-0.0381
-0.0703
-0.0322
-0.0293
-0.0732
-0.082
0.2578
1.0225
1.4941
0.1143
-0.6182
-0.4688
-0.2754
-0.249
-0.2021
-0.1846
-0.1406
-0.123
-0.1201
-0.0469
-0.0791
0.0205
-0.0293
-0.0029
0.0352
0.0088
0.0674
0.0557
0.0732
0.0439
0.0264
0.0996
0.0645
-0.0059
0.0
-0.0439
0.0205
-0.0029
-0.0469
-0.0498
-0.0205
-0.0498
-0.0732
-0.0352
-0.0322
-0.0176
0.0527
0.0205
0.0059
0.0234
-0.0205
0.0791
0.0557
0.0557
0.1201
0.1787
0.2021
0.0879
0.0381
-0.0527
-0.082
-0.0967
-0.0908
-0.0879
-0.0527
-0.0908
-0.0352
-0.0381
-0.0439
-0.0527
0.0674
0.6562
1.4707
0.6973
-0.4775
-0.6123
-0.293
-0.2402
-0.1904
-0.167
-0.1494
-0.1289
-0.1113
-0.0996
-0.0557
-0.0557
-0.0703
-0.0146
-0.0234
0.0059
0.0117
0.0322
0.0205
0.0352
0.0381
0.0322
0.0264
-0.0088
-0.0029
-0.0439
-0.0615
-0.0557
-0.0586
-0.0762
-0.1025
-0.0967
-0.0879
-0.0937
-0.082
-0.041
-0.0234
0.0
-0.041
-0.0059
-0.0293
-0.0146
-0.0029
-0.0205
0.0
0.0352
0.0264
0.0879
0.0967
0.0967
0.0557
-0.0088
-0.0762
-0.1113
-0.1318
-0.1523
-0.1025
-0.0937
-0.0937
-0.0791
-0.0615
-0.0498
-0.0937
0.2168
0.9873
1.4941
0.0908
-0.7295
-0.5156
-0.2812
-0.2373
-0.2314
-0.1846
-0.1758
-0.1436
-0.1055
-0.082
-0.0908
-0.0176
-0.0557
-0.0176
-0.041
-0.0352
0.0176
0.0234
0.0293
0.0293
0.0439
0.0557
0.041
0.0264
0.0029
-0.0176
-0.0176
0.0205
-0.0264
-0.0557
-0.0469
-0.0674
-0.0234
-0.0586
-0.0586
-0.0205
0.0088
-0.0088
0.0146
-0.0059
0.0
0.0205
-0.0146
0.0234
-0.0234
0.041
0.0645
0.0381
0.0908
0.0908
0.0703
0.0381
-0.0293
-0.0879
-0.126
-0.1201
-0.1611
-0.1406
-0.0791
-0.0879
-0.0645
-0.0469
-0.0732
0.0088
0.5156
1.3652
0.9697
-0.4951
-0.6914
-0.3516
-0.2725
-0.2051
-0.208
-0.167
-0.1641
-0.1553
-0.1406
-0.0996
-0.0615
-0.0586
-0.0146
-0.0146
0.0088
0.0088
0.0234
0.0703
0.0381
0.0908
0.0322
0.0059
0.0117
-0.0352
-0.0293
-0.0674
-0.0322
-0.0762
-0.0937
-0.0732
-0.1084
-0.1113
-0.0615
-0.0937
-0.041
-0.0469
-0.0234
-0.0234
-0.0381
-0.0059
0.0234
0.0322
0.0527
0.1201
0.123
0.0879
0.0117
-0.0352
-0.085
-0.1523
-0.1611
-0.123
-0.1289
-0.1084
-0.085
-0.085
-0.0586
-0.1318
-0.041
0.501
1.2979
0.9463
-0.3281
-0.665
-0.3662
-0.2783
-0.2578
-0.2314
-0.1904
-0.1641
-0.1201
-0.0967
-0.1055
-0.0791
-0.0527
-0.0469
-0.0176
-0.0176
0.0
-0.0234
0.0176
0.0176
0.0264
0.0205
0.0029
-0.0176
-0.0381
-0.0322
-0.0381
-0.0586
-0.0527
-0.0498
-0.1025
-0.082
-0.085
-0.085
-0.0381
-0.0264
-0.0117
-0.0029
0.0059
0.0029
0.0029
0.0
-0.0059
-0.0029
0.0498
0.0557
0.0674
0.126
0.1143
0.0586
0.0176
-0.0469
-0.1084
-0.1318
-0.1172
-0.1318
-0.0937
-0.0527
-0.0762
-0.0381
-0.0586
-0.1143
0.2139
0.9844
1.4941
0.1025
-0.665
-0.4482
-0.2725
-0.2227
-0.1904
-0.1875
-0.1084
-0.085
-0.0615
-0.082
-0.0498
-0.0352
0.0
0.0293
0.0029
0.0527
0.0615
0.0293
0.0879
0.041
0.0146
0.0469
0.0205
0.0381
0.0
-0.0146
0.0264
-0.0322
-0.0352
-0.0498
-0.082
-0.0469
-0.0381
-0.0029
-0.0234
0.0
0.0088
-0.0381
0.0557
0.0088
-0.0088
0.0352
0.0029
0.041
0.0088
0.0791
0.0791
0.0674
0.1201
0.1348
0.1084
-0.0176
0.0176
-0.1172
-0.123
-0.126
-0.0908
-0.0879
-0.0937
-0.0352
-0.0381
-0.0557
-0.0439
0.4951
1.2568
1.2217
-0.3018
-0.7119
-0.3281
-0.2461
-0.2344
-0.167
-0.1611
-0.1289
-0.085
-0.085
-0.0117
-0.085
-0.0586
-0.0469
0.0205
0.0029
-0.0205
0.0469
0.0469
0.0205
0.0498
0.0352
0.0205
0.0674
0.0029
0.0029
-0.0117
-0.0381
-0.0381
-0.0557
-0.085
-0.1143
-0.0732
-0.0937
-0.0703
-0.0586
-0.0527
-0.0352
-0.0205
-0.0117
-0.0176
-0.0059
-0.0088
-0.0059
0.0205
0.0293
0.0264
0.0908
0.0703
0.0264
-0.0029
-0.0996
-0.1465
-0.1758
-0.1904
-0.1465
-0.1553
-0.1377
-0.1494
-0.126
-0.1318
-0.1436
0.1289
0.8936
1.4941
0.0088
-0.8115
-0.5303
-0.3398
-0.3223
-0.2842
-0.252
-0.2285
-0.1846
-0.1875
-0.1523
-0.0996
-0.1201
-0.0967
-0.0762
-0.0586
-0.0439
-0.0498
-0.0293
-0.0205
-0.0059
-0.0146
-0.0264
-0.041
-0.0322
-0.0996
-0.0732
-0.0908
-0.1172
-0.1143
-0.1289
-0.1494
-0.0967
-0.1084
-0.0732
-0.0381
-0.085
-0.0586
-0.0469
-0.0029
-0.0117
-0.0146
0.0234
-0.0234
0.0
-0.0146
0.0264
0.0205
0.0264
0.0234
0.0908
0.082
0.1143
0.1523
0.0879
0.1113
0.0762
0.0029
-0.0234
-0.0615
-0.0264
-0.0352
-0.0791
-0.0557
-0.0205
-0.0059
-0.0088
0.0146
0.5244
1.3301
1.1514
-0.2988
-0.6152
-0.3076
-0.2373
-0.2578
-0.1641
-0.1289
-0.0791
-0.0791
-0.0469
-0.041
-0.0205
-0.0205
0.0029
0.0234
0.0117
0.0146
0.0498
0.0205
0.0498
0.082
0.0439
0.0
0.0322
0.0322
0.0117
0.0117
-0.0029
0.0176
-0.085
-0.085
-0.0439
-0.0908
-0.0645
-0.0205
-0.0557
0.0264
-0.0117
0.0117
0.0234
0.0293
0.0615
0.0615
0.0586
0.0439
0.0762
0.085
0.1582
0.1055
0.0498
-0.0293
-0.085
-0.1025
-0.1084
-0.1377
-0.1172
-0.0762
-0.0674
-0.0176
-0.041
-0.126
0.1201
0.8379
1.4941
0.3662
-0.5713
-0.542
-0.2607
-0.2373
-0.1963
-0.1523
-0.123
-0.1084
-0.1055
-0.0615
-0.0527
-0.0586
-0.0059
-0.0146
0.0
0.0
0.0176
0.0088
0.0469
0.0352
0.0264
0.0264
-0.0205
-0.0059
-0.0264
-0.0527
-0.0732
-0.0674
-0.0791
-0.123
-0.1143
-0.1377
-0.1172
-0.0996
-0.085
-0.0762
-0.0586
-0.0469
-0.0293
-0.0381
-0.0381
-0.0059
-0.0703
-0.0381
-0.0381
-0.0322
-0.0469
-0.041
-0.0352
0.0264
0.0059
0.0439
0.1143
0.0791
0.0205
-0.0234
-0.0732
-0.1406
-0.1348
-0.1318
-0.1055
-0.0937
-0.082
-0.0615
-0.0615
-0.1113
-0.0381
0.4248
1.2568
1.04
-0.416
-0.7002
-0.3545
-0.2578
-0.2783
-0.2227
-0.1992
-0.1934
-0.1465
-0.1377
-0.0879
-0.0937
-0.0645
-0.0586
-0.0381
-0.0029
-0.0264
-0.0029
-0.0146
0.0176
0.0029
0.0205
0.0234
-0.0088
0.0
0.0
-0.0352
-0.0088
-0.0732
-0.0381
-0.0732
-0.0703
-0.0762
-0.0322
-0.082
-0.0234
0.0
0.0
0.0469
0.0088
0.041
0.0762
-0.0205
0.0117
-0.0029
0.0234
0.0176
0.0322
0.0205
0.0
0.0615
0.0293
-0.0117
0.0732
0.0439
0.1201
0.0439
0.1201
0.1494
0.0615
0.0527
-0.0498
-0.0293
-0.0703
-0.082
-0.0527
-0.0732
-0.123
-0.0527
-0.0557
-0.0762
-0.0439
0.4219
1.2861
1.0166
-0.3955
-0.7441
-0.3604
-0.2959
-0.3018
-0.2227
-0.2139
-0.1846
-0.1523
-0.1523
-0.1143
-0.1465
-0.085
-0.0732
-0.0937
-0.0674
-0.0586
-0.0469
-0.0088
-0.0293
0.0146
-0.0234
-0.0176
-0.0674
-0.0439
-0.0732
-0.0703
-0.041
-0.0908
-0.085
-0.0732
-0.0937
-0.0996
-0.085
-0.0791
-0.1025
-0.0469
-0.0264
-0.0469
-0.0352
-0.0264
0.0059
0.0029
-0.0059
-0.0234
0.0234
0.0381
0.0439
0.0937
0.1025
0.0146
-0.0264
-0.085
-0.1348
-0.1816
-0.1758
-0.1611
-0.1641
-0.1465
-0.1523
-0.1348
-0.1465
-0.1406
0.2373
1.0166
1.4297
-0.1113
-0.7471
-0.498
-0.29
-0.3135
-0.2754
-0.2256
-0.1875
-0.1904
-0.1348
-0.0967
-0.0937
-0.082
-0.082
-0.041
-0.0469
-0.0205
0.0059
0.0
0.0234
0.0234
0.0059
0.0059
0.0
-0.0293
-0.0264
-0.082
-0.0322
-0.0615
-0.0557
-0.0674
-0.0703
-0.0703
-0.0732
-0.0732
-0.0439
-0.0234
0.0
-0.0029
0.0029
-0.0117
-0.0205
-0.0146
0.0088
-0.0059
0.0088
-0.0176
-0.0293
-0.0264
-0.0352
0.0029
-0.0205
0.0176
0.0176
0.0703
0.0469
0.1348
0.1143
0.0645
0.0439
0.0088
-0.0732
-0.0762
-0.0908
-0.0791
-0.0557
-0.0352
-0.0381
0.0
0.0293
-0.0205
0.2695
1.0898
1.4941
0.0439
-0.6797
-0.416
-0.208
-0.1758
-0.1904
-0.0996
-0.1201
-0.0937
-0.0557
-0.0498
-0.0205
0.0
0.0
0.0146
0.0205
0.0498
0.0439
0.082
0.0674
0.0439
0.0908
0.041
0.0967
0.041
0.0469
0.0146
0.0205
0.0498
0.0029
0.0293
-0.0293
-0.0117
-0.0146
-0.0176
0.0029
-0.0146
0.0645
0.0557
0.0117
0.0557
0.0498
0.0352
0.0439
0.0146
0.0146
0.0059
-0.0234
0.0146
-0.0176
0.0439
-0.0029
0.085
0.1377
0.1084
0.1289
0.0439
-0.0352
-0.0674
-0.1172
-0.1113
-0.0527
-0.0645
-0.0996
-0.0498
-0.0029
-0.0205
0.0029
0.3926
1.2334
1.2422
-0.1934
-0.668
-0.3398
-0.2051
-0.2021
-0.1611
-0.1377
-0.1289
-0.0908
