10.0
10.01
10.02
10.03
10.04
10.05
10.06
10.07
10.08
10.09
10.1
10.11
10.12
10.13
10.14
10.15
10.16
10.17
10.18
10.19
10.2
10.21
10.22
10.23
10.24
10.25
10.26
10.27
10.28
10.29
10.3
10.31
10.32
10.33
10.34
10.35
10.36
10.37
10.38
10.39
10.4
10.41
10.42
10.43
10.44
10.45
10.46
10.47
10.48
10.49
10.501
10.511
10.521
10.531
10.541
10.551
10.561
10.571
10.581
10.591
10.601
10.611
10.621
10.631
10.641
10.651
10.661
10.671
10.681
10.691
10.701
10.711
10.721
10.731
10.741
10.751
10.761
10.771
10.781
10.791
10.801
10.811
10.821
10.831
10.841
10.851
10.861
10.871
10.881
10.891
10.901
10.911
10.921
10.931
10.941
10.951
10.961
10.971
10.981
10.991
11.001
11.011
11.021
11.031
11.041
11.051
11.061
11.071
11.081
11.091
11.101
11.111
11.121
11.131
11.141
11.151
11.161
11.171
11.181
11.191
11.201
11.211
11.221
11.231
11.241
11.251
11.261
11.271
11.281
11.291
11.301
11.311
11.321
11.331
11.341
11.351
11.361
11.371
11.381
11.391
11.401
11.411
11.421
11.431
11.441
11.451
11.461
11.471
11.481
11.491
11.502
11.512
11.522
11.532
11.542
11.552
11.562
11.572
11.582
11.592
11.602
11.612
11.622
11.632
11.642
11.652
11.662
11.672
11.682
11.692
11.702
11.712
11.722
11.732
11.742
11.752
11.762
11.772
11.782
11.792
11.802
11.812
11.822
11.832
11.842
11.852
11.862
11.872
11.882
11.892
11.902
11.912
11.922
11.932
11.942
11.952
11.962
11.972
11.982
11.992
12.002
12.012
12.022
12.032
12.042
12.052
12.062
12.072
12.082
12.092
12.102
12.112
12.122
12.132
12.142
12.152
12.162
12.172
12.182
12.192
12.202
12.212
12.222
12.232
12.242
12.252
12.262
12.272
12.282
12.292
12.302
12.312
12.322
12.332
12.342
12.352
12.362
12.372
12.382
12.392
12.402
12.412
12.422
12.432
12.442
12.452
12.462
12.472
12.482
12.492
12.503
12.513
12.523
12.533
12.543
12.553
12.563
12.573
12.583
12.593
12.603
12.613
12.623
12.633
12.643
12.653
12.663
12.673
12.683
12.693
12.703
12.713
12.723
12.733
12.743
12.753
12.763
12.773
12.783
12.793
12.803
12.813
12.823
12.833
12.843
12.853
12.863
12.873
12.883
12.893
12.903
12.913
12.923
12.933
12.943
12.953
12.963
12.973
12.983
12.993
13.003
13.013
13.023
13.033
13.043
13.053
13.063
13.073
13.083
13.093
13.103
13.113
13.123
13.133
13.143
13.153
13.163
13.173
13.183
13.193
13.203
13.213
13.223
13.233
13.243
13.253
13.263
13.273
13.283
13.293
13.303
13.313
13.323
13.333
13.343
13.353
13.363
13.373
13.383
13.393
13.403
13.413
13.423
13.433
13.443
13.453
13.463
13.473
13.483
13.493
13.504
13.514
13.524
13.534
13.544
13.554
13.564
13.574
13.584
13.594
13.604
13.614
13.624
13.634
13.644
13.654
13.664
13.674
13.684
13.694
13.704
13.714
13.724
13.734
13.744
13.754
13.764
13.774
13.784
13.794
13.804
13.814
13.824
13.834
13.844
13.854
13.864
13.874
13.884
13.894
13.904
13.914
13.924
13.934
13.944
13.954
13.964
13.974
13.984
13.994
14.004
14.014
14.024
14.034
14.044
14.054
14.064
14.074
14.084
14.094
14.104
14.114
14.124
14.134
14.144
14.154
14.164
14.174
14.184
14.194
14.204
14.214
14.224
14.234
14.244
14.254
14.264
14.274
14.284
14.294
14.304
14.314
14.324
14.334
14.344
14.354
14.364
14.374
14.384
14.394
14.404
14.414
14.424
14.434
14.444
14.454
14.464
14.474
14.484
14.494
14.505
14.515
14.525
14.535
14.545
14.555
14.565
14.575
14.585
14.595
14.605
14.615
14.625
14.635
14.645
14.655
14.665
14.675
14.685
14.695
14.705
14.715
14.725
14.735
14.745
14.755
14.765
14.775
14.785
14.795
14.805
14.815
14.825
14.835
14.845
14.855
14.865
14.875
14.885
14.895
14.905
14.915
14.925
14.935
14.945
14.955
14.965
14.975
14.985
14.995
15.005
15.015
15.025
15.035
15.045
15.055
15.065
15.075
15.085
15.095
15.105
15.115
15.125
15.135
15.145
15.155
15.165
15.175
15.185
15.195
15.205
15.215
15.225
15.235
15.245
15.255
15.265
15.275
15.285
15.295
15.305
15.315
15.325
15.335
15.345
15.355
15.365
15.375
15.385
15.395
15.405
15.415
15.425
15.435
15.445
15.455
15.465
15.475
15.485
15.495
15.506
15.516
15.526
15.536
15.546
15.556
15.566
15.576
15.586
15.596
15.606
15.616
15.626
15.636
15.646
15.656
15.666
15.676
15.686
15.696
15.706
15.716
15.726
15.736
15.746
15.756
15.766
15.776
15.786
15.796
15.806
15.816
15.826
15.836
15.846
15.856
15.866
15.876
15.886
15.896
15.906
15.916
15.926
15.936
15.946
15.956
15.966
15.976
15.986
15.996
16.006
16.016
16.026
16.036
16.046
16.056
16.066
16.076
16.086
16.096
16.106
16.116
16.126
16.136
16.146
16.156
16.166
16.176
16.186
16.196
16.206
16.216
16.226
16.236
16.246
16.256
16.266
16.276
16.286
16.296
16.306
16.316
16.326
16.336
16.346
16.356
16.366
16.376
16.386
16.396
16.406
16.416
16.426
16.436
16.446
16.456
16.466
16.476
16.486
16.496
16.507
16.517
16.527
16.537
16.547
16.557
16.567
16.577
16.587
16.597
16.607
16.617
16.627
16.637
16.647
16.657
16.667
16.677
16.687
16.697
16.707
16.717
16.727
16.737
16.747
16.757
16.767
16.777
16.787
16.797
16.807
16.817
16.827
16.837
16.847
16.857
16.867
16.877
16.887
16.897
16.907
16.917
16.927
16.937
16.947
16.957
16.967
16.977
16.987
16.997
17.007
17.017
17.027
17.037
17.047
17.057
17.067
17.077
17.087
17.097
17.107
17.117
17.127
17.137
17.147
17.157
17.167
17.177
17.187
17.197
17.207
17.217
17.227
17.237
17.247
17.257
17.267
17.277
17.287
17.297
17.307
17.317
17.327
17.337
17.347
17.357
17.367
17.377
17.387
17.397
17.407
17.417
17.427
17.437
17.447
17.457
17.467
17.477
17.487
17.497
17.508
17.518
17.528
17.538
17.548
17.558
17.568
17.578
17.588
17.598
17.608
17.618
17.628
17.638
17.648
17.658
17.668
17.678
17.688
17.698
17.708
17.718
17.728
17.738
17.748
17.758
17.768
17.778
17.788
17.798
17.808
17.818
17.828
17.838
17.848
17.858
17.868
17.878
17.888
17.898
17.908
17.918
17.928
17.938
17.948
17.958
17.968
17.978
17.988
17.998
18.008
18.018
18.028
18.038
18.048
18.058
18.068
18.078
18.088
18.098
18.108
18.118
18.128
18.138
18.148
18.158
18.168
18.178
18.188
18.198
18.208
18.218
18.228
18.238
18.248
18.258
18.268
18.278
18.288
18.298
18.308
18.318
18.328
18.338
18.348
18.358
18.368
18.378
18.388
18.398
18.408
18.418
18.428
18.438
18.448
18.458
18.468
18.478
18.488
18.498
18.509
18.519
18.529
18.539
18.549
18.559
18.569
18.579
18.589
18.599
18.609
18.619
18.629
18.639
18.649
18.659
18.669
18.679
18.689
18.699
18.709
18.719
18.729
18.739
18.749
18.759
18.769
18.779
18.789
18.799
18.809
18.819
18.829
18.839
18.849
18.859
18.869
18.879
18.889
18.899
18.909
18.919
18.929
18.939
18.949
18.959
18.969
18.979
18.989
18.999
19.009
19.019
19.029
19.039
19.049
19.059
19.069
19.079
19.089
19.099
19.109
19.119
19.129
19.139
19.149
19.159
19.169
19.179
19.189
19.199
19.209
19.219
19.229
19.239
19.249
19.259
19.269
19.279
19.289
19.299
19.309
19.319
19.329
19.339
19.349
19.359
19.369
19.379
19.389
19.399
19.409
19.419
19.429
19.439
19.449
19.459
19.469
19.479
19.489
19.499
19.51
19.52
19.53
19.54
19.55
19.56
19.57
19.58
19.59
19.6
19.61
19.62
19.63
19.64
19.65
19.66
19.67
19.68
19.69
19.7
19.71
19.72
19.73
19.74
19.75
19.76
19.77
19.78
19.79
19.8
19.81
19.82
19.83
19.84
19.85
19.86
19.87
19.88
19.89
19.9
19.91
19.92
19.93
19.94
19.95
19.96
19.97
19.98
19.99
20.0
