# OpenSignals Text File Format. Version 1
# {"98:D3:91:FD:57:C6": {"position": 0, "device": "bitalino_rev", "device name": "98:D3:91:FD:57:C6", "device connection": "BTH98:D3:91:FD:57:C6", "sampling rate": 100, "resolution": [4, 1, 1, 1, 1, 10], "firmware version": 1281, "comments": "", "keywords": "", "mode": 0, "sync interval": 2, "date": "2022-6-28", "time": "8:31:15.847", "channels": [2], "sensor": ["ECGBIT"], "label": ["A2"], "column": ["nSeq", "I1", "I2", "O1", "O2", "A2"], "special": [{}], "digital IO": [0, 0, 1, 1], "convertedValues": 0}}
# EndOfHeader
0	0	0	0	0	652
1	0	0	0	0	919
2	0	0	0	0	969
3	0	0	0	0	452
4	0	0	0	0	276
5	0	0	0	0	364
6	0	0	0	0	424
7	0	0	0	0	432
8	0	0	0	0	440
9	0	0	0	0	448
10	0	0	0	0	467
11	0	0	0	0	469
12	0	0	0	0	484
13	0	0	0	0	483
14	0	0	0	0	492
15	0	0	0	0	492
0	0	0	0	0	505
1	0	0	0	0	505
2	0	0	0	0	520
3	0	0	0	0	513
4	0	0	0	0	515
5	0	0	0	0	531
6	0	0	0	0	525
7	0	0	0	0	534
8	0	0	0	0	531
9	0	0	0	0	526
10	0	0	0	0	526
11	0	0	0	0	526
12	0	0	0	0	521
13	0	0	0	0	517
14	0	0	0	0	510
15	0	0	0	0	503
0	0	0	0	0	500
1	0	0	0	0	501
2	0	0	0	0	492
3	0	0	0	0	490
4	0	0	0	0	493
5	0	0	0	0	488
6	0	0	0	0	497
7	0	0	0	0	513
8	0	0	0	0	510
9	0	0	0	0	511
10	0	0	0	0	512
11	0	0	0	0	517
12	0	0	0	0	518
13	0	0	0	0	517
14	0	0	0	0	519
15	0	0	0	0	513
0	0	0	0	0	514
1	0	0	0	0	509
2	0	0	0	0	498
3	0	0	0	0	503
4	0	0	0	0	499
5	0	0	0	0	504
6	0	0	0	0	503
7	0	0	0	0	489
8	0	0	0	0	528
9	0	0	0	0	535
10	0	0	0	0	532
11	0	0	0	0	547
12	0	0	0	0	547
13	0	0	0	0	528
14	0	0	0	0	515
15	0	0	0	0	497
0	0	0	0	0	479
1	0	0	0	0	473
2	0	0	0	0	476
3	0	0	0	0	471
4	0	0	0	0	489
5	0	0	0	0	480
6	0	0	0	0	478
7	0	0	0	0	491
8	0	0	0	0	491
9	0	0	0	0	478
10	0	0	0	0	546
11	0	0	0	0	782
12	0	0	0	0	1022
13	0	0	0	0	650
14	0	0	0	0	277
15	0	0	0	0	311
0	0	0	0	0	415
1	0	0	0	0	420
2	0	0	0	0	439
3	0	0	0	0	441
4	0	0	0	0	447
5	0	0	0	0	469
6	0	0	0	0	467
7	0	0	0	0	479
8	0	0	0	0	486
9	0	0	0	0	492
10	0	0	0	0	494
11	0	0	0	0	502
12	0	0	0	0	505
13	0	0	0	0	510
14	0	0	0	0	519
15	0	0	0	0	523
0	0	0	0	0	518
1	0	0	0	0	516
2	0	0	0	0	520
3	0	0	0	0	524
4	0	0	0	0	517
5	0	0	0	0	518
6	0	0	0	0	511
7	0	0	0	0	506
8	0	0	0	0	497
9	0	0	0	0	502
10	0	0	0	0	494
11	0	0	0	0	490
12	0	0	0	0	495
13	0	0	0	0	484
14	0	0	0	0	473
15	0	0	0	0	484
0	0	0	0	0	484
1	0	0	0	0	496
2	0	0	0	0	506
3	0	0	0	0	511
4	0	0	0	0	511
5	0	0	0	0	501
6	0	0	0	0	521
7	0	0	0	0	516
8	0	0	0	0	514
9	0	0	0	0	504
10	0	0	0	0	509
11	0	0	0	0	514
12	0	0	0	0	515
13	0	0	0	0	516
14	0	0	0	0	515
15	0	0	0	0	515
0	0	0	0	0	508
1	0	0	0	0	499
2	0	0	0	0	515
3	0	0	0	0	510
4	0	0	0	0	508
5	0	0	0	0	512
6	0	0	0	0	518
7	0	0	0	0	520
8	0	0	0	0	511
9	0	0	0	0	515
10	0	0	0	0	507
11	0	0	0	0	537
12	0	0	0	0	543
13	0	0	0	0	540
14	0	0	0	0	552
15	0	0	0	0	551
0	0	0	0	0	529
1	0	0	0	0	514
2	0	0	0	0	500
3	0	0	0	0	495
4	0	0	0	0	484
5	0	0	0	0	483
6	0	0	0	0	467
7	0	0	0	0	472
8	0	0	0	0	492
9	0	0	0	0	482
10	0	0	0	0	492
11	0	0	0	0	484
12	0	0	0	0	486
13	0	0	0	0	593
14	0	0	0	0	866
15	0	0	0	0	1022
0	0	0	0	0	499
1	0	0	0	0	254
2	0	0	0	0	352
3	0	0	0	0	404
4	0	0	0	0	426
5	0	0	0	0	439
6	0	0	0	0	450
7	0	0	0	0	449
8	0	0	0	0	464
9	0	0	0	0	470
10	0	0	0	0	475
11	0	0	0	0	493
12	0	0	0	0	481
13	0	0	0	0	493
14	0	0	0	0	481
15	0	0	0	0	499
0	0	0	0	0	508
1	0	0	0	0	513
2	0	0	0	0	522
3	0	0	0	0	523
4	0	0	0	0	524
5	0	0	0	0	526
6	0	0	0	0	521
7	0	0	0	0	526
8	0	0	0	0	527
9	0	0	0	0	517
10	0	0	0	0	515
11	0	0	0	0	497
12	0	0	0	0	497
13	0	0	0	0	494
14	0	0	0	0	494
15	0	0	0	0	489
0	0	0	0	0	492
1	0	0	0	0	492
2	0	0	0	0	484
3	0	0	0	0	493
4	0	0	0	0	502
5	0	0	0	0	509
6	0	0	0	0	519
7	0	0	0	0	499
8	0	0	0	0	519
9	0	0	0	0	512
10	0	0	0	0	506
11	0	0	0	0	519
12	0	0	0	0	530
13	0	0	0	0	499
14	0	0	0	0	507
15	0	0	0	0	504
0	0	0	0	0	519
1	0	0	0	0	499
2	0	0	0	0	509
3	0	0	0	0	487
4	0	0	0	0	493
5	0	0	0	0	493
6	0	0	0	0	496
7	0	0	0	0	513
8	0	0	0	0	505
9	0	0	0	0	503
10	0	0	0	0	511
11	0	0	0	0	493
12	0	0	0	0	518
13	0	0	0	0	534
14	0	0	0	0	510
15	0	0	0	0	546
0	0	0	0	0	540
1	0	0	0	0	534
2	0	0	0	0	513
3	0	0	0	0	510
4	0	0	0	0	473
5	0	0	0	0	476
6	0	0	0	0	470
7	0	0	0	0	461
8	0	0	0	0	468
9	0	0	0	0	497
10	0	0	0	0	475
11	0	0	0	0	488
12	0	0	0	0	503
13	0	0	0	0	492
14	0	0	0	0	500
15	0	0	0	0	728
0	0	0	0	0	984
1	0	0	0	0	789
2	0	0	0	0	345
3	0	0	0	0	295
4	0	0	0	0	412
5	0	0	0	0	415
6	0	0	0	0	438
7	0	0	0	0	446
8	0	0	0	0	471
9	0	0	0	0	457
10	0	0	0	0	481
11	0	0	0	0	465
12	0	0	0	0	463
13	0	0	0	0	484
14	0	0	0	0	498
15	0	0	0	0	503
0	0	0	0	0	521
1	0	0	0	0	490
2	0	0	0	0	513
3	0	0	0	0	484
4	0	0	0	0	503
5	0	0	0	0	510
6	0	0	0	0	525
7	0	0	0	0	526
8	0	0	0	0	521
9	0	0	0	0	523
10	0	0	0	0	513
11	0	0	0	0	501
12	0	0	0	0	504
13	0	0	0	0	488
14	0	0	0	0	495
15	0	0	0	0	489
0	0	0	0	0	493
1	0	0	0	0	487
2	0	0	0	0	477
3	0	0	0	0	504
4	0	0	0	0	475
5	0	0	0	0	508
6	0	0	0	0	492
7	0	0	0	0	513
8	0	0	0	0	508
9	0	0	0	0	506
10	0	0	0	0	507
11	0	0	0	0	517
12	0	0	0	0	523
13	0	0	0	0	524
14	0	0	0	0	527
15	0	0	0	0	517
0	0	0	0	0	551
1	0	0	0	0	473
2	0	0	0	0	501
3	0	0	0	0	527
4	0	0	0	0	523
5	0	0	0	0	524
6	0	0	0	0	519
7	0	0	0	0	502
8	0	0	0	0	515
9	0	0	0	0	519
10	0	0	0	0	516
11	0	0	0	0	512
12	0	0	0	0	530
13	0	0	0	0	516
14	0	0	0	0	556
15	0	0	0	0	526
0	0	0	0	0	557
1	0	0	0	0	559
2	0	0	0	0	538
3	0	0	0	0	536
4	0	0	0	0	516
5	0	0	0	0	495
6	0	0	0	0	500
7	0	0	0	0	484
8	0	0	0	0	487
9	0	0	0	0	475
10	0	0	0	0	494
11	0	0	0	0	503
12	0	0	0	0	493
13	0	0	0	0	498
14	0	0	0	0	515
15	0	0	0	0	507
0	0	0	0	0	684
1	0	0	0	0	958
2	0	0	0	0	871
3	0	0	0	0	424
4	0	0	0	0	292
5	0	0	0	0	388
6	0	0	0	0	441
7	0	0	0	0	439
8	0	0	0	0	440
9	0	0	0	0	464
10	0	0	0	0	460
11	0	0	0	0	460
12	0	0	0	0	469
13	0	0	0	0	517
14	0	0	0	0	494
15	0	0	0	0	492
0	0	0	0	0	516
1	0	0	0	0	510
2	0	0	0	0	497
3	0	0	0	0	511
4	0	0	0	0	512
5	0	0	0	0	530
6	0	0	0	0	526
7	0	0	0	0	560
8	0	0	0	0	511
9	0	0	0	0	504
10	0	0	0	0	500
11	0	0	0	0	507
12	0	0	0	0	504
13	0	0	0	0	519
14	0	0	0	0	504
15	0	0	0	0	526
0	0	0	0	0	480
1	0	0	0	0	476
2	0	0	0	0	509
3	0	0	0	0	470
4	0	0	0	0	494
5	0	0	0	0	494
6	0	0	0	0	503
7	0	0	0	0	538
8	0	0	0	0	511
9	0	0	0	0	518
10	0	0	0	0	509
11	0	0	0	0	501
12	0	0	0	0	523
13	0	0	0	0	521
14	0	0	0	0	506
15	0	0	0	0	514
0	0	0	0	0	518
1	0	0	0	0	511
2	0	0	0	0	519
3	0	0	0	0	502
4	0	0	0	0	499
5	0	0	0	0	491
6	0	0	0	0	532
7	0	0	0	0	491
8	0	0	0	0	490
9	0	0	0	0	496
10	0	0	0	0	510
11	0	0	0	0	524
12	0	0	0	0	521
13	0	0	0	0	546
14	0	0	0	0	559
15	0	0	0	0	543
0	0	0	0	0	517
1	0	0	0	0	494
2	0	0	0	0	485
3	0	0	0	0	480
4	0	0	0	0	471
5	0	0	0	0	462
6	0	0	0	0	472
7	0	0	0	0	478
8	0	0	0	0	478
9	0	0	0	0	490
10	0	0	0	0	510
11	0	0	0	0	494
12	0	0	0	0	482
13	0	0	0	0	635
14	0	0	0	0	916
15	0	0	0	0	933
0	0	0	0	0	412
1	0	0	0	0	266
2	0	0	0	0	396
3	0	0	0	0	416
4	0	0	0	0	455
5	0	0	0	0	452
6	0	0	0	0	429
7	0	0	0	0	448
8	0	0	0	0	457
9	0	0	0	0	472
10	0	0	0	0	492
11	0	0	0	0	497
12	0	0	0	0	504
13	0	0	0	0	515
14	0	0	0	0	493
15	0	0	0	0	513
0	0	0	0	0	512
1	0	0	0	0	513
2	0	0	0	0	536
3	0	0	0	0	508
4	0	0	0	0	524
5	0	0	0	0	522
6	0	0	0	0	522
7	0	0	0	0	536
8	0	0	0	0	519
9	0	0	0	0	505
10	0	0	0	0	498
11	0	0	0	0	492
12	0	0	0	0	483
13	0	0	0	0	494
14	0	0	0	0	496
15	0	0	0	0	475
0	0	0	0	0	488
1	0	0	0	0	482
2	0	0	0	0	483
3	0	0	0	0	494
4	0	0	0	0	496
5	0	0	0	0	502
6	0	0	0	0	502
7	0	0	0	0	508
8	0	0	0	0	511
9	0	0	0	0	515
10	0	0	0	0	506
11	0	0	0	0	509
12	0	0	0	0	506
13	0	0	0	0	527
14	0	0	0	0	523
15	0	0	0	0	506
0	0	0	0	0	500
1	0	0	0	0	504
2	0	0	0	0	508
3	0	0	0	0	509
4	0	0	0	0	518
5	0	0	0	0	506
6	0	0	0	0	497
7	0	0	0	0	503
8	0	0	0	0	513
9	0	0	0	0	517
10	0	0	0	0	551
11	0	0	0	0	546
12	0	0	0	0	545
13	0	0	0	0	548
14	0	0	0	0	525
15	0	0	0	0	534
0	0	0	0	0	511
1	0	0	0	0	502
2	0	0	0	0	472
3	0	0	0	0	482
4	0	0	0	0	483
5	0	0	0	0	481
6	0	0	0	0	511
7	0	0	0	0	471
8	0	0	0	0	514
9	0	0	0	0	508
10	0	0	0	0	466
11	0	0	0	0	540
12	0	0	0	0	726
13	0	0	0	0	1022
14	0	0	0	0	749
15	0	0	0	0	315
0	0	0	0	0	326
1	0	0	0	0	405
2	0	0	0	0	434
3	0	0	0	0	420
4	0	0	0	0	425
5	0	0	0	0	446
6	0	0	0	0	473
7	0	0	0	0	487
8	0	0	0	0	484
9	0	0	0	0	486
10	0	0	0	0	489
11	0	0	0	0	497
12	0	0	0	0	499
13	0	0	0	0	504
14	0	0	0	0	515
15	0	0	0	0	510
0	0	0	0	0	524
1	0	0	0	0	537
2	0	0	0	0	491
3	0	0	0	0	540
4	0	0	0	0	513
5	0	0	0	0	519
6	0	0	0	0	523
7	0	0	0	0	509
8	0	0	0	0	500
9	0	0	0	0	493
10	0	0	0	0	501
11	0	0	0	0	475
12	0	0	0	0	477
13	0	0	0	0	483
14	0	0	0	0	481
15	0	0	0	0	461
0	0	0	0	0	488
1	0	0	0	0	483
2	0	0	0	0	475
3	0	0	0	0	469
4	0	0	0	0	492
5	0	0	0	0	498
6	0	0	0	0	514
7	0	0	0	0	521
8	0	0	0	0	510
9	0	0	0	0	505
10	0	0	0	0	487
11	0	0	0	0	477
12	0	0	0	0	491
13	0	0	0	0	500
14	0	0	0	0	507
15	0	0	0	0	534
0	0	0	0	0	472
1	0	0	0	0	515
2	0	0	0	0	527
3	0	0	0	0	513
4	0	0	0	0	552
5	0	0	0	0	559
6	0	0	0	0	523
7	0	0	0	0	550
8	0	0	0	0	476
9	0	0	0	0	483
10	0	0	0	0	457
11	0	0	0	0	475
12	0	0	0	0	483
13	0	0	0	0	496
14	0	0	0	0	494
15	0	0	0	0	493
0	0	0	0	0	517
1	0	0	0	0	468
2	0	0	0	0	469
3	0	0	0	0	515
4	0	0	0	0	728
5	0	0	0	0	994
6	0	0	0	0	746
7	0	0	0	0	378
8	0	0	0	0	300
9	0	0	0	0	398
10	0	0	0	0	438
11	0	0	0	0	440
12	0	0	0	0	445
13	0	0	0	0	489
14	0	0	0	0	457
15	0	0	0	0	489
0	0	0	0	0	478
1	0	0	0	0	483
2	0	0	0	0	506
3	0	0	0	0	473
4	0	0	0	0	498
5	0	0	0	0	512
6	0	0	0	0	523
7	0	0	0	0	520
8	0	0	0	0	542
9	0	0	0	0	527
10	0	0	0	0	522
11	0	0	0	0	522
12	0	0	0	0	519
13	0	0	0	0	524
14	0	0	0	0	517
15	0	0	0	0	514
0	0	0	0	0	513
1	0	0	0	0	496
2	0	0	0	0	490
3	0	0	0	0	500
4	0	0	0	0	492
5	0	0	0	0	474
6	0	0	0	0	465
7	0	0	0	0	491
8	0	0	0	0	490
9	0	0	0	0	496
10	0	0	0	0	496
11	0	0	0	0	486
12	0	0	0	0	494
13	0	0	0	0	513
14	0	0	0	0	509
15	0	0	0	0	506
0	0	0	0	0	516
1	0	0	0	0	506
2	0	0	0	0	512
3	0	0	0	0	493
4	0	0	0	0	508
5	0	0	0	0	500
6	0	0	0	0	524
7	0	0	0	0	486
8	0	0	0	0	494
9	0	0	0	0	507
10	0	0	0	0	505
11	0	0	0	0	514
12	0	0	0	0	526
13	0	0	0	0	540
14	0	0	0	0	559
15	0	0	0	0	534
0	0	0	0	0	525
1	0	0	0	0	494
2	0	0	0	0	490
3	0	0	0	0	464
4	0	0	0	0	475
5	0	0	0	0	469
6	0	0	0	0	481
7	0	0	0	0	484
8	0	0	0	0	484
9	0	0	0	0	479
10	0	0	0	0	480
11	0	0	0	0	477
12	0	0	0	0	489
13	0	0	0	0	614
14	0	0	0	0	903
15	0	0	0	0	1010
0	0	0	0	0	457
1	0	0	0	0	268
2	0	0	0	0	353
3	0	0	0	0	417
4	0	0	0	0	430
5	0	0	0	0	430
6	0	0	0	0	445
7	0	0	0	0	456
8	0	0	0	0	465
9	0	0	0	0	469
10	0	0	0	0	488
11	0	0	0	0	495
12	0	0	0	0	504
13	0	0	0	0	494
14	0	0	0	0	502
15	0	0	0	0	503
0	0	0	0	0	499
1	0	0	0	0	532
2	0	0	0	0	521
3	0	0	0	0	512
4	0	0	0	0	540
5	0	0	0	0	518
6	0	0	0	0	517
7	0	0	0	0	526
8	0	0	0	0	522
9	0	0	0	0	513
10	0	0	0	0	500
11	0	0	0	0	519
12	0	0	0	0	495
13	0	0	0	0	497
14	0	0	0	0	483
15	0	0	0	0	473
0	0	0	0	0	473
1	0	0	0	0	506
2	0	0	0	0	487
3	0	0	0	0	501
4	0	0	0	0	493
5	0	0	0	0	502
6	0	0	0	0	526
7	0	0	0	0	505
8	0	0	0	0	507
9	0	0	0	0	505
10	0	0	0	0	494
11	0	0	0	0	510
12	0	0	0	0	523
13	0	0	0	0	517
14	0	0	0	0	537
15	0	0	0	0	513
0	0	0	0	0	483
1	0	0	0	0	496
2	0	0	0	0	504
3	0	0	0	0	525
4	0	0	0	0	551
5	0	0	0	0	528
6	0	0	0	0	556
7	0	0	0	0	558
8	0	0	0	0	540
9	0	0	0	0	501
10	0	0	0	0	496
11	0	0	0	0	472
12	0	0	0	0	482
13	0	0	0	0	493
14	0	0	0	0	464
15	0	0	0	0	472
0	0	0	0	0	507
1	0	0	0	0	485
2	0	0	0	0	496
3	0	0	0	0	500
4	0	0	0	0	484
5	0	0	0	0	536
6	0	0	0	0	787
7	0	0	0	0	1019
8	0	0	0	0	735
9	0	0	0	0	293
10	0	0	0	0	300
11	0	0	0	0	422
12	0	0	0	0	417
13	0	0	0	0	440
14	0	0	0	0	461
15	0	0	0	0	444
0	0	0	0	0	472
1	0	0	0	0	466
2	0	0	0	0	483
3	0	0	0	0	485
4	0	0	0	0	503
5	0	0	0	0	501
6	0	0	0	0	491
7	0	0	0	0	499
8	0	0	0	0	511
9	0	0	0	0	508
10	0	0	0	0	523
11	0	0	0	0	540
12	0	0	0	0	521
13	0	0	0	0	530
14	0	0	0	0	515
15	0	0	0	0	505
0	0	0	0	0	518
1	0	0	0	0	494
2	0	0	0	0	519
3	0	0	0	0	497
4	0	0	0	0	489
5	0	0	0	0	528
6	0	0	0	0	456
7	0	0	0	0	473
8	0	0	0	0	461
9	0	0	0	0	480
10	0	0	0	0	510
11	0	0	0	0	486
12	0	0	0	0	536
13	0	0	0	0	450
14	0	0	0	0	487
15	0	0	0	0	504
0	0	0	0	0	505
1	0	0	0	0	525
2	0	0	0	0	529
3	0	0	0	0	505
4	0	0	0	0	509
5	0	0	0	0	505
6	0	0	0	0	505
7	0	0	0	0	530
8	0	0	0	0	530
9	0	0	0	0	534
10	0	0	0	0	596
11	0	0	0	0	536
12	0	0	0	0	513
13	0	0	0	0	511
14	0	0	0	0	487
15	0	0	0	0	481
0	0	0	0	0	471
1	0	0	0	0	459
2	0	0	0	0	478
3	0	0	0	0	491
4	0	0	0	0	479
5	0	0	0	0	462
6	0	0	0	0	494
7	0	0	0	0	485
8	0	0	0	0	467
9	0	0	0	0	513
10	0	0	0	0	708
11	0	0	0	0	985
12	0	0	0	0	742
13	0	0	0	0	364
14	0	0	0	0	303
15	0	0	0	0	403
0	0	0	0	0	418
1	0	0	0	0	420
2	0	0	0	0	434
3	0	0	0	0	440
4	0	0	0	0	463
5	0	0	0	0	479
6	0	0	0	0	476
7	0	0	0	0	486
8	0	0	0	0	490
9	0	0	0	0	497
10	0	0	0	0	489
11	0	0	0	0	505
12	0	0	0	0	506
13	0	0	0	0	520
14	0	0	0	0	513
15	0	0	0	0	516
0	0	0	0	0	524
1	0	0	0	0	519
2	0	0	0	0	532
3	0	0	0	0	512
4	0	0	0	0	514
5	0	0	0	0	511
6	0	0	0	0	494
7	0	0	0	0	515
8	0	0	0	0	499
9	0	0	0	0	488
10	0	0	0	0	496
11	0	0	0	0	467
12	0	0	0	0	495
13	0	0	0	0	479
14	0	0	0	0	495
15	0	0	0	0	473
0	0	0	0	0	495
1	0	0	0	0	502
2	0	0	0	0	509
3	0	0	0	0	514
4	0	0	0	0	519
5	0	0	0	0	520
6	0	0	0	0	525
7	0	0	0	0	519
8	0	0	0	0	507
9	0	0	0	0	513
10	0	0	0	0	500
11	0	0	0	0	499
12	0	0	0	0	523
13	0	0	0	0	526
14	0	0	0	0	542
15	0	0	0	0	569
0	0	0	0	0	545
1	0	0	0	0	524
2	0	0	0	0	520
3	0	0	0	0	492
4	0	0	0	0	477
5	0	0	0	0	464
6	0	0	0	0	469
7	0	0	0	0	492
8	0	0	0	0	483
9	0	0	0	0	488
10	0	0	0	0	481
11	0	0	0	0	504
12	0	0	0	0	497
13	0	0	0	0	460
14	0	0	0	0	548
15	0	0	0	0	786
0	0	0	0	0	1022
1	0	0	0	0	652
2	0	0	0	0	321
3	0	0	0	0	307
4	0	0	0	0	416
5	0	0	0	0	416
6	0	0	0	0	431
7	0	0	0	0	455
8	0	0	0	0	474
9	0	0	0	0	485
10	0	0	0	0	484
11	0	0	0	0	466
12	0	0	0	0	495
13	0	0	0	0	470
14	0	0	0	0	494
15	0	0	0	0	513
0	0	0	0	0	506
1	0	0	0	0	532
2	0	0	0	0	508
3	0	0	0	0	529
4	0	0	0	0	517
5	0	0	0	0	539
6	0	0	0	0	518
7	0	0	0	0	523
8	0	0	0	0	524
9	0	0	0	0	522
10	0	0	0	0	531
11	0	0	0	0	509
12	0	0	0	0	498
13	0	0	0	0	493
14	0	0	0	0	495
15	0	0	0	0	492
0	0	0	0	0	503
1	0	0	0	0	511
2	0	0	0	0	464
3	0	0	0	0	488
4	0	0	0	0	504
5	0	0	0	0	491
6	0	0	0	0	515
7	0	0	0	0	503
8	0	0	0	0	518
9	0	0	0	0	513
10	0	0	0	0	520
11	0	0	0	0	504
12	0	0	0	0	507
13	0	0	0	0	516
14	0	0	0	0	511
15	0	0	0	0	510
0	0	0	0	0	531
1	0	0	0	0	537
2	0	0	0	0	512
3	0	0	0	0	520
4	0	0	0	0	532
5	0	0	0	0	548
6	0	0	0	0	550
7	0	0	0	0	545
8	0	0	0	0	516
9	0	0	0	0	507
10	0	0	0	0	480
11	0	0	0	0	463
12	0	0	0	0	485
13	0	0	0	0	479
14	0	0	0	0	489
15	0	0	0	0	472
0	0	0	0	0	485
1	0	0	0	0	484
2	0	0	0	0	483
3	0	0	0	0	492
4	0	0	0	0	520
5	0	0	0	0	731
6	0	0	0	0	1004
7	0	0	0	0	740
8	0	0	0	0	322
9	0	0	0	0	301
10	0	0	0	0	411
11	0	0	0	0	444
12	0	0	0	0	413
13	0	0	0	0	453
14	0	0	0	0	465
15	0	0	0	0	457
0	0	0	0	0	483
1	0	0	0	0	485
2	0	0	0	0	480
3	0	0	0	0	499
4	0	0	0	0	492
5	0	0	0	0	515
6	0	0	0	0	515
7	0	0	0	0	512
8	0	0	0	0	519
9	0	0	0	0	511
10	0	0	0	0	523
11	0	0	0	0	527
12	0	0	0	0	532
13	0	0	0	0	527
14	0	0	0	0	541
15	0	0	0	0	523
0	0	0	0	0	518
1	0	0	0	0	498
2	0	0	0	0	504
3	0	0	0	0	475
4	0	0	0	0	490
5	0	0	0	0	496
6	0	0	0	0	473
7	0	0	0	0	466
8	0	0	0	0	476
9	0	0	0	0	477
10	0	0	0	0	479
11	0	0	0	0	473
12	0	0	0	0	494
13	0	0	0	0	500
14	0	0	0	0	482
15	0	0	0	0	512
0	0	0	0	0	501
1	0	0	0	0	491
2	0	0	0	0	496
3	0	0	0	0	497
4	0	0	0	0	508
5	0	0	0	0	515
6	0	0	0	0	514
7	0	0	0	0	523
8	0	0	0	0	532
9	0	0	0	0	545
10	0	0	0	0	519
11	0	0	0	0	486
12	0	0	0	0	490
13	0	0	0	0	474
14	0	0	0	0	466
15	0	0	0	0	462
0	0	0	0	0	461
1	0	0	0	0	453
2	0	0	0	0	483
3	0	0	0	0	460
4	0	0	0	0	482
5	0	0	0	0	470
6	0	0	0	0	482
7	0	0	0	0	457
8	0	0	0	0	589
9	0	0	0	0	840
10	0	0	0	0	1022
11	0	0	0	0	542
12	0	0	0	0	237
13	0	0	0	0	339
14	0	0	0	0	413
15	0	0	0	0	402
0	0	0	0	0	424
1	0	0	0	0	435
2	0	0	0	0	453
3	0	0	0	0	465
4	0	0	0	0	467
5	0	0	0	0	489
6	0	0	0	0	484
7	0	0	0	0	474
8	0	0	0	0	490
9	0	0	0	0	495
10	0	0	0	0	505
11	0	0	0	0	512
12	0	0	0	0	509
13	0	0	0	0	521
14	0	0	0	0	515
15	0	0	0	0	513
0	0	0	0	0	512
1	0	0	0	0	518
2	0	0	0	0	514
3	0	0	0	0	513
4	0	0	0	0	504
5	0	0	0	0	481
6	0	0	0	0	480
7	0	0	0	0	479
8	0	0	0	0	479
9	0	0	0	0	476
10	0	0	0	0	476
11	0	0	0	0	477
12	0	0	0	0	486
13	0	0	0	0	481
14	0	0	0	0	500
15	0	0	0	0	523
0	0	0	0	0	524
1	0	0	0	0	479
2	0	0	0	0	493
3	0	0	0	0	501
4	0	0	0	0	504
5	0	0	0	0	507
6	0	0	0	0	511
7	0	0	0	0	511
8	0	0	0	0	523
9	0	0	0	0	499
10	0	0	0	0	516
11	0	0	0	0	523
12	0	0	0	0	534
13	0	0	0	0	536
14	0	0	0	0	546
15	0	0	0	0	548
0	0	0	0	0	530
1	0	0	0	0	518
2	0	0	0	0	513
3	0	0	0	0	473
4	0	0	0	0	469
5	0	0	0	0	475
6	0	0	0	0	480
7	0	0	0	0	499
8	0	0	0	0	488
9	0	0	0	0	501
10	0	0	0	0	502
11	0	0	0	0	487
12	0	0	0	0	484
13	0	0	0	0	600
14	0	0	0	0	861
15	0	0	0	0	1022
0	0	0	0	0	551
1	0	0	0	0	301
2	0	0	0	0	352
3	0	0	0	0	418
4	0	0	0	0	427
5	0	0	0	0	443
6	0	0	0	0	449
7	0	0	0	0	464
8	0	0	0	0	470
9	0	0	0	0	471
10	0	0	0	0	496
11	0	0	0	0	485
12	0	0	0	0	519
13	0	0	0	0	502
14	0	0	0	0	511
15	0	0	0	0	524
0	0	0	0	0	515
1	0	0	0	0	535
2	0	0	0	0	531
3	0	0	0	0	537
4	0	0	0	0	527
5	0	0	0	0	521
6	0	0	0	0	546
7	0	0	0	0	534
8	0	0	0	0	510
9	0	0	0	0	512
10	0	0	0	0	497
11	0	0	0	0	519
12	0	0	0	0	511
13	0	0	0	0	496
14	0	0	0	0	495
15	0	0	0	0	505
0	0	0	0	0	495
1	0	0	0	0	487
2	0	0	0	0	500
3	0	0	0	0	501
4	0	0	0	0	506
5	0	0	0	0	530
6	0	0	0	0	519
7	0	0	0	0	514
8	0	0	0	0	520
9	0	0	0	0	505
10	0	0	0	0	539
11	0	0	0	0	531
12	0	0	0	0	531
13	0	0	0	0	553
14	0	0	0	0	573
15	0	0	0	0	581
0	0	0	0	0	542
1	0	0	0	0	525
2	0	0	0	0	494
3	0	0	0	0	484
4	0	0	0	0	479
5	0	0	0	0	481
6	0	0	0	0	482
7	0	0	0	0	494
8	0	0	0	0	481
9	0	0	0	0	500
10	0	0	0	0	499
11	0	0	0	0	497
12	0	0	0	0	494
13	0	0	0	0	535
14	0	0	0	0	736
15	0	0	0	0	1014
0	0	0	0	0	750
1	0	0	0	0	349
2	0	0	0	0	303
3	0	0	0	0	412
4	0	0	0	0	430
5	0	0	0	0	447
6	0	0	0	0	455
7	0	0	0	0	461
8	0	0	0	0	468
9	0	0	0	0	474
10	0	0	0	0	478
11	0	0	0	0	493
12	0	0	0	0	493
13	0	0	0	0	488
14	0	0	0	0	507
15	0	0	0	0	504
0	0	0	0	0	514
1	0	0	0	0	516
2	0	0	0	0	523
3	0	0	0	0	519
4	0	0	0	0	524
5	0	0	0	0	525
6	0	0	0	0	523
7	0	0	0	0	521
8	0	0	0	0	509
9	0	0	0	0	511
10	0	0	0	0	497
11	0	0	0	0	491
12	0	0	0	0	493
13	0	0	0	0	492
14	0	0	0	0	486
15	0	0	0	0	477
0	0	0	0	0	479
1	0	0	0	0	482
2	0	0	0	0	480
3	0	0	0	0	484
4	0	0	0	0	498
5	0	0	0	0	504
6	0	0	0	0	512
7	0	0	0	0	498
8	0	0	0	0	510
9	0	0	0	0	502
10	0	0	0	0	507
11	0	0	0	0	511
12	0	0	0	0	505
13	0	0	0	0	512
14	0	0	0	0	524
15	0	0	0	0	521
0	0	0	0	0	542
1	0	0	0	0	545
2	0	0	0	0	545
3	0	0	0	0	531
4	0	0	0	0	509
5	0	0	0	0	486
6	0	0	0	0	474
7	0	0	0	0	467
8	0	0	0	0	460
9	0	0	0	0	477
10	0	0	0	0	480
11	0	0	0	0	480
12	0	0	0	0	485
13	0	0	0	0	491
14	0	0	0	0	495
15	0	0	0	0	480
0	0	0	0	0	586
1	0	0	0	0	849
2	0	0	0	0	1022
3	0	0	0	0	543
4	0	0	0	0	263
5	0	0	0	0	336
6	0	0	0	0	416
7	0	0	0	0	431
8	0	0	0	0	433
9	0	0	0	0	449
10	0	0	0	0	452
11	0	0	0	0	463
12	0	0	0	0	476
13	0	0	0	0	484
14	0	0	0	0	481
15	0	0	0	0	506
0	0	0	0	0	493
1	0	0	0	0	506
2	0	0	0	0	498
3	0	0	0	0	500
4	0	0	0	0	518
5	0	0	0	0	520
6	0	0	0	0	522
7	0	0	0	0	522
8	0	0	0	0	527
9	0	0	0	0	531
10	0	0	0	0	526
11	0	0	0	0	521
12	0	0	0	0	513
13	0	0	0	0	506
14	0	0	0	0	506
15	0	0	0	0	519
0	0	0	0	0	503
1	0	0	0	0	493
2	0	0	0	0	496
3	0	0	0	0	489
4	0	0	0	0	504
5	0	0	0	0	492
6	0	0	0	0	492
7	0	0	0	0	505
8	0	0	0	0	515
9	0	0	0	0	509
10	0	0	0	0	517
11	0	0	0	0	510
12	0	0	0	0	512
13	0	0	0	0	519
14	0	0	0	0	507
15	0	0	0	0	520
0	0	0	0	0	504
1	0	0	0	0	526
2	0	0	0	0	534
3	0	0	0	0	525
4	0	0	0	0	543
5	0	0	0	0	543
6	0	0	0	0	536
7	0	0	0	0	525
8	0	0	0	0	502
9	0	0	0	0	482
10	0	0	0	0	469
11	0	0	0	0	471
12	0	0	0	0	457
13	0	0	0	0	464
14	0	0	0	0	485
15	0	0	0	0	482
0	0	0	0	0	490
1	0	0	0	0	496
2	0	0	0	0	487
3	0	0	0	0	515
4	0	0	0	0	688
5	0	0	0	0	978
6	0	0	0	0	843
7	0	0	0	0	343
8	0	0	0	0	276
9	0	0	0	0	392
10	0	0	0	0	419
11	0	0	0	0	442
12	0	0	0	0	441
13	0	0	0	0	455
14	0	0	0	0	456
15	0	0	0	0	459
0	0	0	0	0	464
1	0	0	0	0	478
2	0	0	0	0	491
3	0	0	0	0	492
4	0	0	0	0	507
5	0	0	0	0	507
6	0	0	0	0	515
7	0	0	0	0	515
8	0	0	0	0	520
9	0	0	0	0	536
10	0	0	0	0	525
11	0	0	0	0	543
12	0	0	0	0	523
13	0	0	0	0	514
14	0	0	0	0	516
15	0	0	0	0	500
0	0	0	0	0	502
1	0	0	0	0	489
2	0	0	0	0	501
3	0	0	0	0	486
4	0	0	0	0	480
5	0	0	0	0	487
6	0	0	0	0	475
7	0	0	0	0	474
8	0	0	0	0	491
9	0	0	0	0	480
10	0	0	0	0	498
11	0	0	0	0	496
12	0	0	0	0	504
13	0	0	0	0	504
14	0	0	0	0	499
15	0	0	0	0	510
0	0	0	0	0	520
1	0	0	0	0	523
2	0	0	0	0	530
3	0	0	0	0	553
4	0	0	0	0	554
5	0	0	0	0	542
6	0	0	0	0	516
7	0	0	0	0	500
8	0	0	0	0	483
9	0	0	0	0	460
10	0	0	0	0	457
11	0	0	0	0	470
12	0	0	0	0	468
13	0	0	0	0	475
14	0	0	0	0	483
15	0	0	0	0	483
0	0	0	0	0	492
1	0	0	0	0	467
2	0	0	0	0	498
3	0	0	0	0	683
4	0	0	0	0	955
5	0	0	0	0	835
6	0	0	0	0	400
7	0	0	0	0	285
8	0	0	0	0	387
9	0	0	0	0	417
10	0	0	0	0	424
11	0	0	0	0	433
12	0	0	0	0	447
13	0	0	0	0	456
14	0	0	0	0	471
15	0	0	0	0	479
0	0	0	0	0	476
1	0	0	0	0	485
2	0	0	0	0	494
3	0	0	0	0	496
4	0	0	0	0	506
5	0	0	0	0	506
6	0	0	0	0	512
7	0	0	0	0	504
8	0	0	0	0	518
9	0	0	0	0	518
10	0	0	0	0	521
11	0	0	0	0	519
12	0	0	0	0	513
13	0	0	0	0	506
14	0	0	0	0	499
15	0	0	0	0	501
0	0	0	0	0	499
1	0	0	0	0	492
2	0	0	0	0	494
3	0	0	0	0	495
4	0	0	0	0	477
5	0	0	0	0	484
6	0	0	0	0	483
7	0	0	0	0	483
8	0	0	0	0	499
9	0	0	0	0	503
10	0	0	0	0	508
11	0	0	0	0	511
12	0	0	0	0	514
13	0	0	0	0	513
14	0	0	0	0	513
15	0	0	0	0	512
0	0	0	0	0	510
1	0	0	0	0	511
2	0	0	0	0	529
3	0	0	0	0	531
4	0	0	0	0	535
5	0	0	0	0	555
6	0	0	0	0	551
7	0	0	0	0	532
8	0	0	0	0	518
9	0	0	0	0	496
10	0	0	0	0	475
11	0	0	0	0	467
12	0	0	0	0	472
13	0	0	0	0	467
14	0	0	0	0	480
15	0	0	0	0	494
0	0	0	0	0	486
1	0	0	0	0	499
2	0	0	0	0	492
3	0	0	0	0	473
4	0	0	0	0	585
5	0	0	0	0	848
6	0	0	0	0	1022
7	0	0	0	0	547
8	0	0	0	0	285
9	0	0	0	0	359
10	0	0	0	0	419
11	0	0	0	0	436
12	0	0	0	0	447
13	0	0	0	0	448
14	0	0	0	0	475
15	0	0	0	0	483
0	0	0	0	0	491
1	0	0	0	0	484
2	0	0	0	0	495
3	0	0	0	0	500
4	0	0	0	0	512
5	0	0	0	0	522
6	0	0	0	0	513
7	0	0	0	0	530
8	0	0	0	0	533
9	0	0	0	0	522
10	0	0	0	0	542
11	0	0	0	0	526
12	0	0	0	0	517
13	0	0	0	0	528
14	0	0	0	0	519
15	0	0	0	0	525
0	0	0	0	0	512
1	0	0	0	0	507
2	0	0	0	0	521
3	0	0	0	0	501
4	0	0	0	0	500
5	0	0	0	0	495
6	0	0	0	0	484
7	0	0	0	0	496
8	0	0	0	0	499
9	0	0	0	0	511
10	0	0	0	0	504
11	0	0	0	0	512
12	0	0	0	0	515
13	0	0	0	0	499
14	0	0	0	0	531
15	0	0	0	0	515
0	0	0	0	0	509
1	0	0	0	0	524
2	0	0	0	0	513
3	0	0	0	0	526
4	0	0	0	0	515
5	0	0	0	0	539
6	0	0	0	0	539
7	0	0	0	0	535
8	0	0	0	0	553
9	0	0	0	0	558
10	0	0	0	0	549
11	0	0	0	0	506
12	0	0	0	0	518
13	0	0	0	0	472
14	0	0	0	0	470
15	0	0	0	0	469
0	0	0	0	0	481
1	0	0	0	0	482
2	0	0	0	0	480
3	0	0	0	0	500
4	0	0	0	0	499
5	0	0	0	0	493
6	0	0	0	0	497
7	0	0	0	0	681
8	0	0	0	0	941
9	0	0	0	0	929
10	0	0	0	0	409
11	0	0	0	0	269
12	0	0	0	0	400
13	0	0	0	0	428
14	0	0	0	0	432
15	0	0	0	0	455
0	0	0	0	0	457
1	0	0	0	0	468
2	0	0	0	0	483
3	0	0	0	0	483
4	0	0	0	0	508
5	0	0	0	0	483
6	0	0	0	0	492
7	0	0	0	0	496
8	0	0	0	0	519
9	0	0	0	0	513
10	0	0	0	0	505
11	0	0	0	0	528
12	0	0	0	0	528
13	0	0	0	0	519
14	0	0	0	0	529
15	0	0	0	0	524
0	0	0	0	0	519
1	0	0	0	0	535
2	0	0	0	0	513
3	0	0	0	0	513
4	0	0	0	0	508
5	0	0	0	0	499
6	0	0	0	0	499
7	0	0	0	0	493
8	0	0	0	0	483
9	0	0	0	0	473
10	0	0	0	0	487
11	0	0	0	0	480
12	0	0	0	0	488
13	0	0	0	0	492
14	0	0	0	0	494
15	0	0	0	0	500
0	0	0	0	0	505
1	0	0	0	0	508
2	0	0	0	0	506
3	0	0	0	0	510
4	0	0	0	0	509
5	0	0	0	0	510
6	0	0	0	0	519
7	0	0	0	0	522
8	0	0	0	0	521
9	0	0	0	0	543
10	0	0	0	0	536
11	0	0	0	0	521
12	0	0	0	0	511
13	0	0	0	0	478
14	0	0	0	0	462
15	0	0	0	0	452
0	0	0	0	0	447
1	0	0	0	0	462
2	0	0	0	0	459
3	0	0	0	0	465
4	0	0	0	0	461
5	0	0	0	0	469
6	0	0	0	0	467
7	0	0	0	0	463
8	0	0	0	0	556
9	0	0	0	0	817
10	0	0	0	0	1022
11	0	0	0	0	515
12	0	0	0	0	235
13	0	0	0	0	331
14	0	0	0	0	396
15	0	0	0	0	402
0	0	0	0	0	415
1	0	0	0	0	426
2	0	0	0	0	434
3	0	0	0	0	449
4	0	0	0	0	448
5	0	0	0	0	460
6	0	0	0	0	478
7	0	0	0	0	471
8	0	0	0	0	479
9	0	0	0	0	486
10	0	0	0	0	492
11	0	0	0	0	497
12	0	0	0	0	495
13	0	0	0	0	502
14	0	0	0	0	505
15	0	0	0	0	510
0	0	0	0	0	507
1	0	0	0	0	503
2	0	0	0	0	498
3	0	0	0	0	501
4	0	0	0	0	478
5	0	0	0	0	487
6	0	0	0	0	481
7	0	0	0	0	472
8	0	0	0	0	473
9	0	0	0	0	468
10	0	0	0	0	461
11	0	0	0	0	479
12	0	0	0	0	475
13	0	0	0	0	487
14	0	0	0	0	499
15	0	0	0	0	483
0	0	0	0	0	492
1	0	0	0	0	496
2	0	0	0	0	511
3	0	0	0	0	508
4	0	0	0	0	507
5	0	0	0	0	520
6	0	0	0	0	504
7	0	0	0	0	512
8	0	0	0	0	507
9	0	0	0	0	521
10	0	0	0	0	519
11	0	0	0	0	521
12	0	0	0	0	520
13	0	0	0	0	543
14	0	0	0	0	540
15	0	0	0	0	551
0	0	0	0	0	564
1	0	0	0	0	542
2	0	0	0	0	550
3	0	0	0	0	538
4	0	0	0	0	513
5	0	0	0	0	504
6	0	0	0	0	491
7	0	0	0	0	503
8	0	0	0	0	500
9	0	0	0	0	485
10	0	0	0	0	493
11	0	0	0	0	505
12	0	0	0	0	510
13	0	0	0	0	509
14	0	0	0	0	517
15	0	0	0	0	691
0	0	0	0	0	966
1	0	0	0	0	905
2	0	0	0	0	410
3	0	0	0	0	302
4	0	0	0	0	407
5	0	0	0	0	431
6	0	0	0	0	424
7	0	0	0	0	456
8	0	0	0	0	468
9	0	0	0	0	485
10	0	0	0	0	485
11	0	0	0	0	496
12	0	0	0	0	498
13	0	0	0	0	505
14	0	0	0	0	505
15	0	0	0	0	513
0	0	0	0	0	520
1	0	0	0	0	516
2	0	0	0	0	517
3	0	0	0	0	529
4	0	0	0	0	519
5	0	0	0	0	529
6	0	0	0	0	540
7	0	0	0	0	527
8	0	0	0	0	512
9	0	0	0	0	523
10	0	0	0	0	523
11	0	0	0	0	516
12	0	0	0	0	516
13	0	0	0	0	511
14	0	0	0	0	518
15	0	0	0	0	483
0	0	0	0	0	483
1	0	0	0	0	497
2	0	0	0	0	481
3	0	0	0	0	490
4	0	0	0	0	505
5	0	0	0	0	493
6	0	0	0	0	521
7	0	0	0	0	508
8	0	0	0	0	516
9	0	0	0	0	520
10	0	0	0	0	522
11	0	0	0	0	533
12	0	0	0	0	533
13	0	0	0	0	532
14	0	0	0	0	527
15	0	0	0	0	538
0	0	0	0	0	541
1	0	0	0	0	566
2	0	0	0	0	548
3	0	0	0	0	529
4	0	0	0	0	502
5	0	0	0	0	483
6	0	0	0	0	477
7	0	0	0	0	475
8	0	0	0	0	465
9	0	0	0	0	472
10	0	0	0	0	486
11	0	0	0	0	489
12	0	0	0	0	506
13	0	0	0	0	498
14	0	0	0	0	469
15	0	0	0	0	553
0	0	0	0	0	798
1	0	0	0	0	1022
2	0	0	0	0	637
3	0	0	0	0	317
4	0	0	0	0	327
5	0	0	0	0	423
6	0	0	0	0	431
7	0	0	0	0	445
8	0	0	0	0	460
9	0	0	0	0	470
10	0	0	0	0	475
11	0	0	0	0	476
12	0	0	0	0	491
13	0	0	0	0	494
14	0	0	0	0	492
15	0	0	0	0	510
0	0	0	0	0	507
1	0	0	0	0	512
2	0	0	0	0	512
3	0	0	0	0	518
4	0	0	0	0	515
5	0	0	0	0	528
6	0	0	0	0	524
7	0	0	0	0	521
8	0	0	0	0	521
9	0	0	0	0	505
10	0	0	0	0	510
11	0	0	0	0	503
12	0	0	0	0	494
13	0	0	0	0	487
14	0	0	0	0	489
15	0	0	0	0	485
0	0	0	0	0	470
1	0	0	0	0	473
2	0	0	0	0	465
3	0	0	0	0	472
4	0	0	0	0	478
5	0	0	0	0	483
6	0	0	0	0	486
7	0	0	0	0	492
8	0	0	0	0	496
9	0	0	0	0	502
10	0	0	0	0	499
11	0	0	0	0	499
12	0	0	0	0	510
13	0	0	0	0	488
14	0	0	0	0	499
15	0	0	0	0	499
0	0	0	0	0	501
1	0	0	0	0	496
2	0	0	0	0	498
3	0	0	0	0	500
4	0	0	0	0	521
5	0	0	0	0	514
6	0	0	0	0	527
7	0	0	0	0	551
8	0	0	0	0	539
9	0	0	0	0	519
10	0	0	0	0	504
11	0	0	0	0	487
12	0	0	0	0	464
13	0	0	0	0	466
14	0	0	0	0	467
15	0	0	0	0	476
0	0	0	0	0	480
1	0	0	0	0	484
2	0	0	0	0	491
3	0	0	0	0	491
4	0	0	0	0	474
5	0	0	0	0	499
6	0	0	0	0	657
7	0	0	0	0	941
8	0	0	0	0	867
9	0	0	0	0	370
10	0	0	0	0	273
11	0	0	0	0	391
12	0	0	0	0	424
13	0	0	0	0	417
14	0	0	0	0	436
15	0	0	0	0	444
0	0	0	0	0	446
1	0	0	0	0	462
2	0	0	0	0	465
3	0	0	0	0	482
4	0	0	0	0	480
5	0	0	0	0	490
6	0	0	0	0	492
7	0	0	0	0	499
8	0	0	0	0	511
9	0	0	0	0	503
10	0	0	0	0	511
11	0	0	0	0	507
12	0	0	0	0	518
13	0	0	0	0	513
14	0	0	0	0	519
15	0	0	0	0	520
0	0	0	0	0	509
1	0	0	0	0	512
2	0	0	0	0	512
3	0	0	0	0	500
4	0	0	0	0	509
5	0	0	0	0	487
6	0	0	0	0	499
7	0	0	0	0	487
8	0	0	0	0	488
9	0	0	0	0	486
10	0	0	0	0	501
11	0	0	0	0	484
12	0	0	0	0	504
13	0	0	0	0	512
14	0	0	0	0	512
15	0	0	0	0	528
0	0	0	0	0	515
1	0	0	0	0	526
2	0	0	0	0	538
3	0	0	0	0	505
4	0	0	0	0	516
5	0	0	0	0	511
6	0	0	0	0	520
7	0	0	0	0	518
8	0	0	0	0	523
9	0	0	0	0	519
10	0	0	0	0	512
11	0	0	0	0	533
12	0	0	0	0	522
13	0	0	0	0	508
14	0	0	0	0	537
15	0	0	0	0	527
0	0	0	0	0	553
1	0	0	0	0	527
2	0	0	0	0	553
3	0	0	0	0	563
4	0	0	0	0	533
5	0	0	0	0	530
6	0	0	0	0	495
7	0	0	0	0	502
8	0	0	0	0	488
9	0	0	0	0	484
10	0	0	0	0	494
11	0	0	0	0	487
12	0	0	0	0	470
13	0	0	0	0	494
14	0	0	0	0	493
15	0	0	0	0	486
0	0	0	0	0	497
1	0	0	0	0	656
2	0	0	0	0	951
3	0	0	0	0	859
4	0	0	0	0	377
5	0	0	0	0	258
6	0	0	0	0	389
7	0	0	0	0	411
8	0	0	0	0	409
9	0	0	0	0	436
10	0	0	0	0	439
11	0	0	0	0	449
12	0	0	0	0	460
13	0	0	0	0	460
14	0	0	0	0	473
15	0	0	0	0	462
0	0	0	0	0	483
1	0	0	0	0	487
2	0	0	0	0	480
3	0	0	0	0	489
4	0	0	0	0	492
5	0	0	0	0	496
6	0	0	0	0	509
7	0	0	0	0	502
8	0	0	0	0	517
9	0	0	0	0	504
10	0	0	0	0	506
11	0	0	0	0	489
12	0	0	0	0	497
13	0	0	0	0	487
14	0	0	0	0	488
15	0	0	0	0	498
0	0	0	0	0	481
1	0	0	0	0	483
2	0	0	0	0	487
3	0	0	0	0	480
4	0	0	0	0	478
5	0	0	0	0	483
6	0	0	0	0	485
7	0	0	0	0	477
8	0	0	0	0	496
9	0	0	0	0	503
10	0	0	0	0	496
11	0	0	0	0	500
12	0	0	0	0	503
13	0	0	0	0	514
14	0	0	0	0	513
15	0	0	0	0	510
0	0	0	0	0	504
1	0	0	0	0	520
2	0	0	0	0	525
3	0	0	0	0	527
4	0	0	0	0	544
5	0	0	0	0	547
6	0	0	0	0	517
7	0	0	0	0	503
8	0	0	0	0	483
9	0	0	0	0	466
10	0	0	0	0	450
11	0	0	0	0	452
12	0	0	0	0	457
13	0	0	0	0	456
14	0	0	0	0	462
15	0	0	0	0	460
0	0	0	0	0	466
1	0	0	0	0	462
2	0	0	0	0	464
3	0	0	0	0	593
4	0	0	0	0	859
5	0	0	0	0	1000
6	0	0	0	0	474
7	0	0	0	0	257
8	0	0	0	0	342
9	0	0	0	0	413
10	0	0	0	0	405
11	0	0	0	0	418
12	0	0	0	0	435
13	0	0	0	0	448
14	0	0	0	0	447
15	0	0	0	0	466
0	0	0	0	0	479
1	0	0	0	0	480
2	0	0	0	0	484
3	0	0	0	0	484
4	0	0	0	0	498
5	0	0	0	0	496
6	0	0	0	0	505
7	0	0	0	0	514
8	0	0	0	0	512
9	0	0	0	0	520
10	0	0	0	0	520
11	0	0	0	0	514
12	0	0	0	0	514
13	0	0	0	0	512
14	0	0	0	0	502
15	0	0	0	0	503
0	0	0	0	0	484
1	0	0	0	0	501
2	0	0	0	0	491
3	0	0	0	0	493
4	0	0	0	0	489
5	0	0	0	0	488
6	0	0	0	0	488
7	0	0	0	0	487
8	0	0	0	0	487
9	0	0	0	0	497
10	0	0	0	0	504
11	0	0	0	0	512
12	0	0	0	0	511
13	0	0	0	0	513
14	0	0	0	0	508
15	0	0	0	0	505
0	0	0	0	0	507
1	0	0	0	0	515
2	0	0	0	0	510
3	0	0	0	0	515
4	0	0	0	0	506
5	0	0	0	0	502
6	0	0	0	0	503
7	0	0	0	0	500
8	0	0	0	0	513
9	0	0	0	0	505
10	0	0	0	0	518
11	0	0	0	0	518
12	0	0	0	0	536
13	0	0	0	0	528
14	0	0	0	0	558
15	0	0	0	0	551
0	0	0	0	0	534
1	0	0	0	0	527
2	0	0	0	0	515
3	0	0	0	0	487
4	0	0	0	0	486
5	0	0	0	0	481
6	0	0	0	0	485
7	0	0	0	0	493
8	0	0	0	0	500
9	0	0	0	0	499
10	0	0	0	0	512
11	0	0	0	0	522
12	0	0	0	0	505
13	0	0	0	0	604
14	0	0	0	0	884
15	0	0	0	0	1022
0	0	0	0	0	527
1	0	0	0	0	280
2	0	0	0	0	370
3	0	0	0	0	441
4	0	0	0	0	452
5	0	0	0	0	447
6	0	0	0	0	478
7	0	0	0	0	471
8	0	0	0	0	480
9	0	0	0	0	493
10	0	0	0	0	495
11	0	0	0	0	505
12	0	0	0	0	512
13	0	0	0	0	512
14	0	0	0	0	517
15	0	0	0	0	519
0	0	0	0	0	529
1	0	0	0	0	527
2	0	0	0	0	540
3	0	0	0	0	535
4	0	0	0	0	527
5	0	0	0	0	543
6	0	0	0	0	526
7	0	0	0	0	545
8	0	0	0	0	526
9	0	0	0	0	528
10	0	0	0	0	517
11	0	0	0	0	519
12	0	0	0	0	529
13	0	0	0	0	513
14	0	0	0	0	522
15	0	0	0	0	502
0	0	0	0	0	508
1	0	0	0	0	507
2	0	0	0	0	506
3	0	0	0	0	513
4	0	0	0	0	507
5	0	0	0	0	534
6	0	0	0	0	531
7	0	0	0	0	516
8	0	0	0	0	531
9	0	0	0	0	529
10	0	0	0	0	524
11	0	0	0	0	527
12	0	0	0	0	517
13	0	0	0	0	517
14	0	0	0	0	514
15	0	0	0	0	504
0	0	0	0	0	517
1	0	0	0	0	506
2	0	0	0	0	527
3	0	0	0	0	511
4	0	0	0	0	541
5	0	0	0	0	559
6	0	0	0	0	549
7	0	0	0	0	556
8	0	0	0	0	527
9	0	0	0	0	500
10	0	0	0	0	489
11	0	0	0	0	472
12	0	0	0	0	474
13	0	0	0	0	494
14	0	0	0	0	490
15	0	0	0	0	478
0	0	0	0	0	495
1	0	0	0	0	511
2	0	0	0	0	505
3	0	0	0	0	513
4	0	0	0	0	646
5	0	0	0	0	933
6	0	0	0	0	936
7	0	0	0	0	446
8	0	0	0	0	284
9	0	0	0	0	396
10	0	0	0	0	442
11	0	0	0	0	443
12	0	0	0	0	457
13	0	0	0	0	465
14	0	0	0	0	468
15	0	0	0	0	481
0	0	0	0	0	492
1	0	0	0	0	491
2	0	0	0	0	495
3	0	0	0	0	505
4	0	0	0	0	508
5	0	0	0	0	509
6	0	0	0	0	508
7	0	0	0	0	513
8	0	0	0	0	517
9	0	0	0	0	524
10	0	0	0	0	512
11	0	0	0	0	511
12	0	0	0	0	514
13	0	0	0	0	508
14	0	0	0	0	504
15	0	0	0	0	487
0	0	0	0	0	479
1	0	0	0	0	479
2	0	0	0	0	464
3	0	0	0	0	481
4	0	0	0	0	479
5	0	0	0	0	468
6	0	0	0	0	463
7	0	0	0	0	459
8	0	0	0	0	456
9	0	0	0	0	463
10	0	0	0	0	470
11	0	0	0	0	478
12	0	0	0	0	480
13	0	0	0	0	486
14	0	0	0	0	492
15	0	0	0	0	489
0	0	0	0	0	487
1	0	0	0	0	489
2	0	0	0	0	496
3	0	0	0	0	488
4	0	0	0	0	497
5	0	0	0	0	485
6	0	0	0	0	490
7	0	0	0	0	485
8	0	0	0	0	502
9	0	0	0	0	508
10	0	0	0	0	510
11	0	0	0	0	536
12	0	0	0	0	529
13	0	0	0	0	511
14	0	0	0	0	491
15	0	0	0	0	475
0	0	0	0	0	463
1	0	0	0	0	448
2	0	0	0	0	452
3	0	0	0	0	451
4	0	0	0	0	470
5	0	0	0	0	461
6	0	0	0	0	467
7	0	0	0	0	473
8	0	0	0	0	476
9	0	0	0	0	465
10	0	0	0	0	611
11	0	0	0	0	878
12	0	0	0	0	971
13	0	0	0	0	441
14	0	0	0	0	247
15	0	0	0	0	359
0	0	0	0	0	419
1	0	0	0	0	416
2	0	0	0	0	432
3	0	0	0	0	441
4	0	0	0	0	450
5	0	0	0	0	467
6	0	0	0	0	462
7	0	0	0	0	480
8	0	0	0	0	489
9	0	0	0	0	493
10	0	0	0	0	502
11	0	0	0	0	503
12	0	0	0	0	507
13	0	0	0	0	509
14	0	0	0	0	519
15	0	0	0	0	514
0	0	0	0	0	516
1	0	0	0	0	527
2	0	0	0	0	528
3	0	0	0	0	513
4	0	0	0	0	521
5	0	0	0	0	506
6	0	0	0	0	512
7	0	0	0	0	499
8	0	0	0	0	509
9	0	0	0	0	522
10	0	0	0	0	512
11	0	0	0	0	515
12	0	0	0	0	495
13	0	0	0	0	513
14	0	0	0	0	510
15	0	0	0	0	515
0	0	0	0	0	512
1	0	0	0	0	518
2	0	0	0	0	518
3	0	0	0	0	532
4	0	0	0	0	529
5	0	0	0	0	521
6	0	0	0	0	523
7	0	0	0	0	516
8	0	0	0	0	525
9	0	0	0	0	515
10	0	0	0	0	527
11	0	0	0	0	516
12	0	0	0	0	508
13	0	0	0	0	541
14	0	0	0	0	533
15	0	0	0	0	564
0	0	0	0	0	568
1	0	0	0	0	546
2	0	0	0	0	534
3	0	0	0	0	520
4	0	0	0	0	501
5	0	0	0	0	495
6	0	0	0	0	479
7	0	0	0	0	489
8	0	0	0	0	480
9	0	0	0	0	483
10	0	0	0	0	496
11	0	0	0	0	496
12	0	0	0	0	502
13	0	0	0	0	492
14	0	0	0	0	533
15	0	0	0	0	714
0	0	0	0	0	992
1	0	0	0	0	765
2	0	0	0	0	336
3	0	0	0	0	304
4	0	0	0	0	407
5	0	0	0	0	428
6	0	0	0	0	442
7	0	0	0	0	428
8	0	0	0	0	466
9	0	0	0	0	470
10	0	0	0	0	467
11	0	0	0	0	483
12	0	0	0	0	485
13	0	0	0	0	498
14	0	0	0	0	500
15	0	0	0	0	497
0	0	0	0	0	511
1	0	0	0	0	513
2	0	0	0	0	524
3	0	0	0	0	522
4	0	0	0	0	541
5	0	0	0	0	524
6	0	0	0	0	511
7	0	0	0	0	508
8	0	0	0	0	513
9	0	0	0	0	496
10	0	0	0	0	495
11	0	0	0	0	502
12	0	0	0	0	496
13	0	0	0	0	510
14	0	0	0	0	515
15	0	0	0	0	514
0	0	0	0	0	489
1	0	0	0	0	499
2	0	0	0	0	503
3	0	0	0	0	505
4	0	0	0	0	511
5	0	0	0	0	519
6	0	0	0	0	525
7	0	0	0	0	534
8	0	0	0	0	534
9	0	0	0	0	539
10	0	0	0	0	529
11	0	0	0	0	539
12	0	0	0	0	537
13	0	0	0	0	549
14	0	0	0	0	558
15	0	0	0	0	563
0	0	0	0	0	569
1	0	0	0	0	575
2	0	0	0	0	571
3	0	0	0	0	543
4	0	0	0	0	519
5	0	0	0	0	504
6	0	0	0	0	481
7	0	0	0	0	484
8	0	0	0	0	485
9	0	0	0	0	481
10	0	0	0	0	481
11	0	0	0	0	486
12	0	0	0	0	489
13	0	0	0	0	490
14	0	0	0	0	468
15	0	0	0	0	543
0	0	0	0	0	776
1	0	0	0	0	1022
2	0	0	0	0	632
3	0	0	0	0	275
4	0	0	0	0	312
5	0	0	0	0	408
6	0	0	0	0	414
7	0	0	0	0	418
8	0	0	0	0	428
9	0	0	0	0	442
10	0	0	0	0	450
11	0	0	0	0	457
12	0	0	0	0	465
13	0	0	0	0	472
14	0	0	0	0	477
15	0	0	0	0	480
0	0	0	0	0	482
1	0	0	0	0	487
2	0	0	0	0	496
3	0	0	0	0	490
4	0	0	0	0	502
5	0	0	0	0	510
6	0	0	0	0	508
7	0	0	0	0	506
8	0	0	0	0	500
9	0	0	0	0	492
10	0	0	0	0	484
11	0	0	0	0	487
12	0	0	0	0	484
13	0	0	0	0	492
14	0	0	0	0	492
15	0	0	0	0	487
0	0	0	0	0	487
1	0	0	0	0	482
2	0	0	0	0	484
3	0	0	0	0	489
4	0	0	0	0	496
5	0	0	0	0	503
6	0	0	0	0	506
7	0	0	0	0	510
8	0	0	0	0	516
9	0	0	0	0	519
10	0	0	0	0	515
11	0	0	0	0	516
12	0	0	0	0	515
13	0	0	0	0	519
14	0	0	0	0	512
15	0	0	0	0	503
0	0	0	0	0	509
1	0	0	0	0	531
2	0	0	0	0	532
3	0	0	0	0	536
4	0	0	0	0	563
5	0	0	0	0	549
6	0	0	0	0	529
7	0	0	0	0	515
8	0	0	0	0	485
9	0	0	0	0	472
10	0	0	0	0	464
11	0	0	0	0	472
12	0	0	0	0	480
13	0	0	0	0	482
14	0	0	0	0	487
15	0	0	0	0	477
0	0	0	0	0	504
1	0	0	0	0	490
2	0	0	0	0	527
3	0	0	0	0	708
4	0	0	0	0	997
5	0	0	0	0	769
6	0	0	0	0	330
7	0	0	0	0	289
8	0	0	0	0	416
9	0	0	0	0	425
10	0	0	0	0	430
11	0	0	0	0	458
12	0	0	0	0	461
13	0	0	0	0	462
14	0	0	0	0	493
15	0	0	0	0	480
0	0	0	0	0	488
1	0	0	0	0	501
2	0	0	0	0	501
3	0	0	0	0	504
4	0	0	0	0	514
5	0	0	0	0	520
6	0	0	0	0	521
7	0	0	0	0	515
8	0	0	0	0	539
9	0	0	0	0	523
10	0	0	0	0	527
11	0	0	0	0	531
12	0	0	0	0	521
13	0	0	0	0	506
14	0	0	0	0	509
15	0	0	0	0	500
0	0	0	0	0	513
1	0	0	0	0	510
2	0	0	0	0	524
3	0	0	0	0	526
4	0	0	0	0	526
5	0	0	0	0	521
6	0	0	0	0	523
7	0	0	0	0	515
8	0	0	0	0	523
9	0	0	0	0	529
10	0	0	0	0	534
11	0	0	0	0	522
12	0	0	0	0	539
13	0	0	0	0	545
14	0	0	0	0	535
15	0	0	0	0	535
0	0	0	0	0	531
1	0	0	0	0	521
2	0	0	0	0	510
3	0	0	0	0	515
4	0	0	0	0	524
5	0	0	0	0	531
6	0	0	0	0	546
7	0	0	0	0	527
8	0	0	0	0	567
9	0	0	0	0	571
10	0	0	0	0	547
11	0	0	0	0	542
12	0	0	0	0	521
13	0	0	0	0	494
14	0	0	0	0	485
15	0	0	0	0	471
0	0	0	0	0	479
1	0	0	0	0	490
2	0	0	0	0	486
3	0	0	0	0	497
4	0	0	0	0	499
5	0	0	0	0	500
6	0	0	0	0	506
7	0	0	0	0	534
8	0	0	0	0	731
9	0	0	0	0	1003
10	0	0	0	0	696
11	0	0	0	0	315
12	0	0	0	0	307
13	0	0	0	0	419
14	0	0	0	0	449
15	0	0	0	0	436
0	0	0	0	0	433
1	0	0	0	0	456
2	0	0	0	0	453
3	0	0	0	0	474
4	0	0	0	0	485
5	0	0	0	0	479
6	0	0	0	0	499
7	0	0	0	0	489
8	0	0	0	0	498
9	0	0	0	0	499
10	0	0	0	0	503
11	0	0	0	0	507
12	0	0	0	0	515
13	0	0	0	0	510
14	0	0	0	0	509
15	0	0	0	0	519
0	0	0	0	0	513
1	0	0	0	0	504
2	0	0	0	0	497
3	0	0	0	0	489
4	0	0	0	0	489
5	0	0	0	0	490
6	0	0	0	0	495
7	0	0	0	0	496
8	0	0	0	0	486
9	0	0	0	0	478
10	0	0	0	0	477
11	0	0	0	0	482
12	0	0	0	0	481
13	0	0	0	0	487
14	0	0	0	0	483
15	0	0	0	0	494
0	0	0	0	0	494
1	0	0	0	0	489
2	0	0	0	0	489
3	0	0	0	0	497
4	0	0	0	0	492
5	0	0	0	0	485
6	0	0	0	0	485
7	0	0	0	0	487
8	0	0	0	0	504
9	0	0	0	0	504
10	0	0	0	0	503
11	0	0	0	0	526
12	0	0	0	0	523
13	0	0	0	0	500
14	0	0	0	0	481
15	0	0	0	0	465
0	0	0	0	0	450
1	0	0	0	0	444
2	0	0	0	0	440
3	0	0	0	0	447
4	0	0	0	0	447
5	0	0	0	0	453
6	0	0	0	0	466
7	0	0	0	0	471
8	0	0	0	0	467
9	0	0	0	0	458
10	0	0	0	0	605
11	0	0	0	0	879
12	0	0	0	0	938
13	0	0	0	0	420
14	0	0	0	0	242
15	0	0	0	0	356
0	0	0	0	0	401
1	0	0	0	0	414
2	0	0	0	0	413
3	0	0	0	0	427
4	0	0	0	0	447
5	0	0	0	0	449
6	0	0	0	0	456
7	0	0	0	0	468
8	0	0	0	0	473
9	0	0	0	0	480
10	0	0	0	0	487
11	0	0	0	0	492
12	0	0	0	0	495
13	0	0	0	0	503
14	0	0	0	0	500
15	0	0	0	0	513
0	0	0	0	0	507
1	0	0	0	0	506
2	0	0	0	0	499
3	0	0	0	0	500
4	0	0	0	0	487
5	0	0	0	0	480
6	0	0	0	0	470
7	0	0	0	0	490
8	0	0	0	0	492
9	0	0	0	0	496
10	0	0	0	0	492
11	0	0	0	0	493
12	0	0	0	0	483
13	0	0	0	0	497
14	0	0	0	0	499
15	0	0	0	0	504
0	0	0	0	0	508
1	0	0	0	0	509
2	0	0	0	0	515
3	0	0	0	0	510
4	0	0	0	0	513
5	0	0	0	0	516
6	0	0	0	0	516
7	0	0	0	0	525
8	0	0	0	0	519
9	0	0	0	0	537
10	0	0	0	0	530
11	0	0	0	0	547
12	0	0	0	0	565
13	0	0	0	0	553
14	0	0	0	0	531
15	0	0	0	0	508
0	0	0	0	0	481
1	0	0	0	0	478
2	0	0	0	0	446
3	0	0	0	0	480
4	0	0	0	0	471
5	0	0	0	0	482
6	0	0	0	0	480
7	0	0	0	0	489
8	0	0	0	0	489
9	0	0	0	0	466
10	0	0	0	0	557
11	0	0	0	0	759
12	0	0	0	0	1022
13	0	0	0	0	682
14	0	0	0	0	319
15	0	0	0	0	308
0	0	0	0	0	412
1	0	0	0	0	428
2	0	0	0	0	441
3	0	0	0	0	438
4	0	0	0	0	463
5	0	0	0	0	465
6	0	0	0	0	469
7	0	0	0	0	475
8	0	0	0	0	486
9	0	0	0	0	507
10	0	0	0	0	489
11	0	0	0	0	511
12	0	0	0	0	511
13	0	0	0	0	516
14	0	0	0	0	518
15	0	0	0	0	512
0	0	0	0	0	531
1	0	0	0	0	526
2	0	0	0	0	519
3	0	0	0	0	521
4	0	0	0	0	490
5	0	0	0	0	500
6	0	0	0	0	492
7	0	0	0	0	492
8	0	0	0	0	506
9	0	0	0	0	516
10	0	0	0	0	508
11	0	0	0	0	492
12	0	0	0	0	494
13	0	0	0	0	511
14	0	0	0	0	509
15	0	0	0	0	521
0	0	0	0	0	512
1	0	0	0	0	521
2	0	0	0	0	532
3	0	0	0	0	527
4	0	0	0	0	514
5	0	0	0	0	536
6	0	0	0	0	512
7	0	0	0	0	529
8	0	0	0	0	538
9	0	0	0	0	540
10	0	0	0	0	559
11	0	0	0	0	566
12	0	0	0	0	556
13	0	0	0	0	533
14	0	0	0	0	494
15	0	0	0	0	499
0	0	0	0	0	475
1	0	0	0	0	467
2	0	0	0	0	480
3	0	0	0	0	466
4	0	0	0	0	483
5	0	0	0	0	494
6	0	0	0	0	496
7	0	0	0	0	503
8	0	0	0	0	475
9	0	0	0	0	562
10	0	0	0	0	814
11	0	0	0	0	1022
12	0	0	0	0	614
13	0	0	0	0	299
14	0	0	0	0	336
15	0	0	0	0	423
0	0	0	0	0	423
1	0	0	0	0	438
2	0	0	0	0	448
3	0	0	0	0	452
4	0	0	0	0	468
5	0	0	0	0	476
6	0	0	0	0	479
7	0	0	0	0	485
8	0	0	0	0	491
9	0	0	0	0	495
10	0	0	0	0	500
11	0	0	0	0	509
12	0	0	0	0	500
13	0	0	0	0	514
14	0	0	0	0	518
15	0	0	0	0	511
0	0	0	0	0	506
1	0	0	0	0	512
2	0	0	0	0	502
3	0	0	0	0	495
4	0	0	0	0	484
5	0	0	0	0	483
6	0	0	0	0	494
7	0	0	0	0	487
8	0	0	0	0	497
9	0	0	0	0	496
10	0	0	0	0	487
11	0	0	0	0	485
12	0	0	0	0	481
13	0	0	0	0	492
14	0	0	0	0	499
15	0	0	0	0	503
0	0	0	0	0	505
1	0	0	0	0	505
2	0	0	0	0	512
3	0	0	0	0	513
4	0	0	0	0	512
5	0	0	0	0	516
6	0	0	0	0	506
7	0	0	0	0	508
8	0	0	0	0	519
9	0	0	0	0	526
10	0	0	0	0	531
11	0	0	0	0	540
12	0	0	0	0	545
13	0	0	0	0	532
14	0	0	0	0	506
15	0	0	0	0	484
0	0	0	0	0	472
1	0	0	0	0	453
2	0	0	0	0	461
3	0	0	0	0	455
4	0	0	0	0	462
5	0	0	0	0	468
6	0	0	0	0	476
7	0	0	0	0	480
8	0	0	0	0	482
9	0	0	0	0	470
10	0	0	0	0	561
11	0	0	0	0	830
12	0	0	0	0	1022
13	0	0	0	0	528
14	0	0	0	0	250
15	0	0	0	0	344
0	0	0	0	0	407
1	0	0	0	0	426
2	0	0	0	0	428
3	0	0	0	0	442
4	0	0	0	0	455
5	0	0	0	0	451
6	0	0	0	0	466
7	0	0	0	0	480
8	0	0	0	0	488
9	0	0	0	0	495
10	0	0	0	0	503
11	0	0	0	0	501
12	0	0	0	0	506
13	0	0	0	0	516
14	0	0	0	0	517
15	0	0	0	0	524
0	0	0	0	0	527
1	0	0	0	0	524
2	0	0	0	0	516
3	0	0	0	0	517
4	0	0	0	0	498
5	0	0	0	0	512
6	0	0	0	0	507
7	0	0	0	0	508
8	0	0	0	0	514
9	0	0	0	0	508
10	0	0	0	0	517
11	0	0	0	0	510
12	0	0	0	0	503
13	0	0	0	0	510
14	0	0	0	0	515
15	0	0	0	0	524
0	0	0	0	0	523
1	0	0	0	0	526
2	0	0	0	0	534
3	0	0	0	0	531
4	0	0	0	0	527
5	0	0	0	0	525
6	0	0	0	0	519
7	0	0	0	0	527
8	0	0	0	0	518
9	0	0	0	0	529
10	0	0	0	0	513
11	0	0	0	0	525
12	0	0	0	0	517
13	0	0	0	0	518
14	0	0	0	0	526
15	0	0	0	0	542
0	0	0	0	0	540
1	0	0	0	0	563
2	0	0	0	0	549
3	0	0	0	0	551
4	0	0	0	0	520
5	0	0	0	0	526
6	0	0	0	0	511
7	0	0	0	0	483
8	0	0	0	0	486
9	0	0	0	0	475
10	0	0	0	0	487
11	0	0	0	0	492
12	0	0	0	0	487
13	0	0	0	0	507
14	0	0	0	0	499
15	0	0	0	0	502
0	0	0	0	0	527
1	0	0	0	0	689
2	0	0	0	0	977
3	0	0	0	0	816
4	0	0	0	0	360
5	0	0	0	0	301
6	0	0	0	0	410
7	0	0	0	0	438
8	0	0	0	0	442
9	0	0	0	0	433
10	0	0	0	0	470
11	0	0	0	0	462
12	0	0	0	0	476
13	0	0	0	0	488
14	0	0	0	0	490
15	0	0	0	0	496
0	0	0	0	0	503
1	0	0	0	0	510
2	0	0	0	0	515
3	0	0	0	0	515
4	0	0	0	0	524
5	0	0	0	0	520
6	0	0	0	0	530
7	0	0	0	0	530
8	0	0	0	0	535
9	0	0	0	0	523
10	0	0	0	0	528
11	0	0	0	0	511
12	0	0	0	0	512
13	0	0	0	0	501
14	0	0	0	0	508
15	0	0	0	0	516
0	0	0	0	0	511
1	0	0	0	0	505
2	0	0	0	0	503
3	0	0	0	0	501
4	0	0	0	0	495
5	0	0	0	0	501
6	0	0	0	0	504
7	0	0	0	0	508
8	0	0	0	0	513
9	0	0	0	0	512
10	0	0	0	0	511
11	0	0	0	0	511
12	0	0	0	0	513
13	0	0	0	0	512
14	0	0	0	0	516
15	0	0	0	0	503
0	0	0	0	0	499
1	0	0	0	0	517
2	0	0	0	0	525
3	0	0	0	0	517
4	0	0	0	0	528
5	0	0	0	0	542
6	0	0	0	0	538
7	0	0	0	0	510
8	0	0	0	0	496
9	0	0	0	0	470
10	0	0	0	0	464
11	0	0	0	0	467
12	0	0	0	0	454
13	0	0	0	0	473
14	0	0	0	0	472
15	0	0	0	0	479
0	0	0	0	0	491
1	0	0	0	0	485
2	0	0	0	0	479
3	0	0	0	0	516
4	0	0	0	0	701
5	0	0	0	0	978
6	0	0	0	0	767
7	0	0	0	0	342
8	0	0	0	0	283
9	0	0	0	0	398
10	0	0	0	0	423
11	0	0	0	0	433
12	0	0	0	0	446
13	0	0	0	0	448
14	0	0	0	0	463
15	0	0	0	0	473
0	0	0	0	0	474
1	0	0	0	0	481
2	0	0	0	0	491
3	0	0	0	0	487
4	0	0	0	0	492
5	0	0	0	0	497
6	0	0	0	0	499
7	0	0	0	0	511
8	0	0	0	0	511
9	0	0	0	0	516
10	0	0	0	0	508
11	0	0	0	0	508
12	0	0	0	0	499
13	0	0	0	0	498
14	0	0	0	0	500
15	0	0	0	0	484
0	0	0	0	0	482
1	0	0	0	0	489
2	0	0	0	0	495
3	0	0	0	0	492
4	0	0	0	0	492
5	0	0	0	0	494
6	0	0	0	0	491
7	0	0	0	0	498
8	0	0	0	0	500
9	0	0	0	0	501
10	0	0	0	0	513
11	0	0	0	0	512
12	0	0	0	0	514
13	0	0	0	0	519
14	0	0	0	0	530
15	0	0	0	0	518
0	0	0	0	0	519
1	0	0	0	0	518
2	0	0	0	0	518
3	0	0	0	0	510
4	0	0	0	0	511
5	0	0	0	0	533
6	0	0	0	0	530
7	0	0	0	0	545
8	0	0	0	0	564
9	0	0	0	0	555
10	0	0	0	0	548
11	0	0	0	0	516
12	0	0	0	0	501
13	0	0	0	0	479
14	0	0	0	0	474
15	0	0	0	0	485
0	0	0	0	0	487
1	0	0	0	0	479
2	0	0	0	0	499
3	0	0	0	0	496
4	0	0	0	0	496
5	0	0	0	0	519
6	0	0	0	0	490
7	0	0	0	0	628
8	0	0	0	0	896
9	0	0	0	0	986
10	0	0	0	0	468
11	0	0	0	0	276
12	0	0	0	0	386
13	0	0	0	0	438
14	0	0	0	0	430
15	0	0	0	0	463
0	0	0	0	0	471
1	0	0	0	0	476
2	0	0	0	0	483
3	0	0	0	0	485
4	0	0	0	0	495
5	0	0	0	0	487
6	0	0	0	0	510
7	0	0	0	0	513
8	0	0	0	0	508
9	0	0	0	0	534
10	0	0	0	0	524
11	0	0	0	0	532
12	0	0	0	0	529
13	0	0	0	0	522
14	0	0	0	0	527
15	0	0	0	0	518
0	0	0	0	0	504
1	0	0	0	0	507
2	0	0	0	0	503
3	0	0	0	0	509
4	0	0	0	0	497
5	0	0	0	0	519
6	0	0	0	0	525
7	0	0	0	0	506
8	0	0	0	0	514
9	0	0	0	0	507
10	0	0	0	0	516
11	0	0	0	0	515
12	0	0	0	0	519
13	0	0	0	0	525
14	0	0	0	0	533
15	0	0	0	0	530
0	0	0	0	0	532
1	0	0	0	0	535
2	0	0	0	0	536
3	0	0	0	0	520
4	0	0	0	0	529
5	0	0	0	0	524
6	0	0	0	0	560
7	0	0	0	0	543
8	0	0	0	0	551
9	0	0	0	0	569
10	0	0	0	0	557
11	0	0	0	0	540
12	0	0	0	0	525
13	0	0	0	0	493
14	0	0	0	0	493
15	0	0	0	0	478
0	0	0	0	0	468
1	0	0	0	0	481
2	0	0	0	0	483
3	0	0	0	0	495
4	0	0	0	0	500
5	0	0	0	0	500
6	0	0	0	0	510
7	0	0	0	0	514
8	0	0	0	0	681
9	0	0	0	0	961
10	0	0	0	0	826
11	0	0	0	0	384
12	0	0	0	0	304
13	0	0	0	0	414
14	0	0	0	0	430
15	0	0	0	0	456
0	0	0	0	0	448
1	0	0	0	0	477
2	0	0	0	0	479
3	0	0	0	0	481
4	0	0	0	0	487
5	0	0	0	0	504
6	0	0	0	0	511
7	0	0	0	0	510
8	0	0	0	0	529
9	0	0	0	0	520
10	0	0	0	0	518
11	0	0	0	0	515
12	0	0	0	0	513
13	0	0	0	0	522
14	0	0	0	0	532
15	0	0	0	0	521
0	0	0	0	0	516
1	0	0	0	0	502
2	0	0	0	0	491
3	0	0	0	0	478
4	0	0	0	0	487
5	0	0	0	0	489
6	0	0	0	0	483
7	0	0	0	0	483
8	0	0	0	0	473
9	0	0	0	0	476
10	0	0	0	0	462
11	0	0	0	0	469
12	0	0	0	0	480
13	0	0	0	0	475
14	0	0	0	0	487
15	0	0	0	0	483
0	0	0	0	0	495
1	0	0	0	0	498
2	0	0	0	0	494
3	0	0	0	0	488
4	0	0	0	0	497
5	0	0	0	0	494
6	0	0	0	0	496
7	0	0	0	0	493
8	0	0	0	0	507
9	0	0	0	0	500
10	0	0	0	0	516
11	0	0	0	0	530
12	0	0	0	0	528
13	0	0	0	0	519
14	0	0	0	0	496
15	0	0	0	0	474
0	0	0	0	0	460
1	0	0	0	0	441
2	0	0	0	0	447
3	0	0	0	0	454
4	0	0	0	0	453
5	0	0	0	0	457
6	0	0	0	0	456
7	0	0	0	0	472
8	0	0	0	0	475
9	0	0	0	0	462
10	0	0	0	0	574
11	0	0	0	0	838
12	0	0	0	0	1022
13	0	0	0	0	490
14	0	0	0	0	247
15	0	0	0	0	351
0	0	0	0	0	411
1	0	0	0	0	415
2	0	0	0	0	433
3	0	0	0	0	445
4	0	0	0	0	454
5	0	0	0	0	463
6	0	0	0	0	475
7	0	0	0	0	468
8	0	0	0	0	482
9	0	0	0	0	492
10	0	0	0	0	491
11	0	0	0	0	499
12	0	0	0	0	500
13	0	0	0	0	504
14	0	0	0	0	521
15	0	0	0	0	502
0	0	0	0	0	522
1	0	0	0	0	516
2	0	0	0	0	505
3	0	0	0	0	503
4	0	0	0	0	496
5	0	0	0	0	498
6	0	0	0	0	500
7	0	0	0	0	492
8	0	0	0	0	502
9	0	0	0	0	496
10	0	0	0	0	496
11	0	0	0	0	490
12	0	0	0	0	485
13	0	0	0	0	489
14	0	0	0	0	487
15	0	0	0	0	499
0	0	0	0	0	515
1	0	0	0	0	507
2	0	0	0	0	519
3	0	0	0	0	524
4	0	0	0	0	514
5	0	0	0	0	527
6	0	0	0	0	519
7	0	0	0	0	527
8	0	0	0	0	524
9	0	0	0	0	510
10	0	0	0	0	528
11	0	0	0	0	524
12	0	0	0	0	511
13	0	0	0	0	521
14	0	0	0	0	526
15	0	0	0	0	534
0	0	0	0	0	541
1	0	0	0	0	532
2	0	0	0	0	557
3	0	0	0	0	564
4	0	0	0	0	533
5	0	0	0	0	505
6	0	0	0	0	508
7	0	0	0	0	487
8	0	0	0	0	481
9	0	0	0	0	487
10	0	0	0	0	478
11	0	0	0	0	485
12	0	0	0	0	493
13	0	0	0	0	491
14	0	0	0	0	500
15	0	0	0	0	500
0	0	0	0	0	489
1	0	0	0	0	658
2	0	0	0	0	934
3	0	0	0	0	940
4	0	0	0	0	423
5	0	0	0	0	272
6	0	0	0	0	396
7	0	0	0	0	431
8	0	0	0	0	443
9	0	0	0	0	440
10	0	0	0	0	463
11	0	0	0	0	477
12	0	0	0	0	471
13	0	0	0	0	487
14	0	0	0	0	489
15	0	0	0	0	486
0	0	0	0	0	510
1	0	0	0	0	501
2	0	0	0	0	516
3	0	0	0	0	523
4	0	0	0	0	495
5	0	0	0	0	529
6	0	0	0	0	521
7	0	0	0	0	524
8	0	0	0	0	526
9	0	0	0	0	513
10	0	0	0	0	518
11	0	0	0	0	501
12	0	0	0	0	489
13	0	0	0	0	494
14	0	0	0	0	487
15	0	0	0	0	509
0	0	0	0	0	496
1	0	0	0	0	481
2	0	0	0	0	487
3	0	0	0	0	486
4	0	0	0	0	498
5	0	0	0	0	495
6	0	0	0	0	499
7	0	0	0	0	500
8	0	0	0	0	508
9	0	0	0	0	510
10	0	0	0	0	512
11	0	0	0	0	527
12	0	0	0	0	526
13	0	0	0	0	534
14	0	0	0	0	557
15	0	0	0	0	549
0	0	0	0	0	550
1	0	0	0	0	583
2	0	0	0	0	569
3	0	0	0	0	543
4	0	0	0	0	526
5	0	0	0	0	507
6	0	0	0	0	483
7	0	0	0	0	489
8	0	0	0	0	481
9	0	0	0	0	485
10	0	0	0	0	492
11	0	0	0	0	494
12	0	0	0	0	491
13	0	0	0	0	492
14	0	0	0	0	494
15	0	0	0	0	508
0	0	0	0	0	690
1	0	0	0	0	956
2	0	0	0	0	795
3	0	0	0	0	384
4	0	0	0	0	279
5	0	0	0	0	387
6	0	0	0	0	412
7	0	0	0	0	414
8	0	0	0	0	437
9	0	0	0	0	436
10	0	0	0	0	441
11	0	0	0	0	443
12	0	0	0	0	457
13	0	0	0	0	466
14	0	0	0	0	464
15	0	0	0	0	471
0	0	0	0	0	484
1	0	0	0	0	483
2	0	0	0	0	483
3	0	0	0	0	492
4	0	0	0	0	497
5	0	0	0	0	496
6	0	0	0	0	497
7	0	0	0	0	493
8	0	0	0	0	491
9	0	0	0	0	478
10	0	0	0	0	482
11	0	0	0	0	467
12	0	0	0	0	480
13	0	0	0	0	480
14	0	0	0	0	483
15	0	0	0	0	480
0	0	0	0	0	475
1	0	0	0	0	473
2	0	0	0	0	471
3	0	0	0	0	471
4	0	0	0	0	485
5	0	0	0	0	495
6	0	0	0	0	496
7	0	0	0	0	506
8	0	0	0	0	508
9	0	0	0	0	513
10	0	0	0	0	511
11	0	0	0	0	510
12	0	0	0	0	505
13	0	0	0	0	503
14	0	0	0	0	503
15	0	0	0	0	505
0	0	0	0	0	505
1	0	0	0	0	513
2	0	0	0	0	516
3	0	0	0	0	525
4	0	0	0	0	550
5	0	0	0	0	546
6	0	0	0	0	534
7	0	0	0	0	507
8	0	0	0	0	488
9	0	0	0	0	475
10	0	0	0	0	464
11	0	0	0	0	465
12	0	0	0	0	470
13	0	0	0	0	478
14	0	0	0	0	473
15	0	0	0	0	473
0	0	0	0	0	479
1	0	0	0	0	475
2	0	0	0	0	483
3	0	0	0	0	597
4	0	0	0	0	849
5	0	0	0	0	1022
6	0	0	0	0	485
7	0	0	0	0	259
8	0	0	0	0	356
9	0	0	0	0	427
10	0	0	0	0	428
11	0	0	0	0	436
12	0	0	0	0	438
13	0	0	0	0	454
14	0	0	0	0	461
15	0	0	0	0	472
0	0	0	0	0	479
1	0	0	0	0	487
2	0	0	0	0	503
3	0	0	0	0	501
4	0	0	0	0	516
5	0	0	0	0	518
6	0	0	0	0	508
7	0	0	0	0	527
8	0	0	0	0	522
9	0	0	0	0	531
10	0	0	0	0	519
11	0	0	0	0	532
12	0	0	0	0	518
13	0	0	0	0	524
14	0	0	0	0	521
15	0	0	0	0	516
0	0	0	0	0	511
1	0	0	0	0	521
2	0	0	0	0	516
3	0	0	0	0	506
4	0	0	0	0	507
5	0	0	0	0	518
6	0	0	0	0	510
7	0	0	0	0	516
8	0	0	0	0	522
9	0	0	0	0	510
10	0	0	0	0	528
11	0	0	0	0	531
12	0	0	0	0	529
13	0	0	0	0	541
14	0	0	0	0	531
15	0	0	0	0	537
0	0	0	0	0	529
1	0	0	0	0	524
2	0	0	0	0	527
3	0	0	0	0	509
4	0	0	0	0	525
5	0	0	0	0	527
6	0	0	0	0	527
7	0	0	0	0	553
8	0	0	0	0	533
9	0	0	0	0	560
10	0	0	0	0	559
11	0	0	0	0	550
12	0	0	0	0	532
13	0	0	0	0	517
14	0	0	0	0	501
15	0	0	0	0	473
0	0	0	0	0	481
1	0	0	0	0	491
2	0	0	0	0	482
3	0	0	0	0	512
4	0	0	0	0	491
5	0	0	0	0	499
6	0	0	0	0	517
7	0	0	0	0	485
8	0	0	0	0	552
9	0	0	0	0	795
10	0	0	0	0	1022
11	0	0	0	0	620
12	0	0	0	0	299
13	0	0	0	0	336
14	0	0	0	0	439
15	0	0	0	0	427
0	0	0	0	0	456
1	0	0	0	0	467
2	0	0	0	0	476
3	0	0	0	0	476
4	0	0	0	0	478
5	0	0	0	0	478
6	0	0	0	0	491
7	0	0	0	0	502
8	0	0	0	0	505
9	0	0	0	0	516
10	0	0	0	0	515
11	0	0	0	0	516
12	0	0	0	0	521
13	0	0	0	0	519
14	0	0	0	0	531
15	0	0	0	0	533
0	0	0	0	0	520
1	0	0	0	0	530
2	0	0	0	0	511
3	0	0	0	0	503
4	0	0	0	0	503
5	0	0	0	0	504
6	0	0	0	0	495
7	0	0	0	0	502
8	0	0	0	0	502
9	0	0	0	0	491
10	0	0	0	0	494
11	0	0	0	0	485
12	0	0	0	0	484
13	0	0	0	0	485
14	0	0	0	0	488
15	0	0	0	0	496
0	0	0	0	0	498
1	0	0	0	0	510
2	0	0	0	0	498
3	0	0	0	0	504
4	0	0	0	0	504
5	0	0	0	0	507
6	0	0	0	0	518
7	0	0	0	0	524
8	0	0	0	0	529
9	0	0	0	0	540
10	0	0	0	0	532
11	0	0	0	0	512
12	0	0	0	0	496
13	0	0	0	0	472
14	0	0	0	0	453
15	0	0	0	0	442
0	0	0	0	0	441
1	0	0	0	0	451
2	0	0	0	0	452
3	0	0	0	0	451
4	0	0	0	0	448
5	0	0	0	0	465
6	0	0	0	0	470
7	0	0	0	0	455
8	0	0	0	0	584
9	0	0	0	0	852
10	0	0	0	0	975
11	0	0	0	0	472
12	0	0	0	0	246
13	0	0	0	0	330
14	0	0	0	0	392
15	0	0	0	0	398
0	0	0	0	0	420
1	0	0	0	0	436
2	0	0	0	0	439
3	0	0	0	0	455
4	0	0	0	0	462
5	0	0	0	0	461
6	0	0	0	0	473
7	0	0	0	0	475
8	0	0	0	0	485
9	0	0	0	0	496
10	0	0	0	0	497
11	0	0	0	0	505
12	0	0	0	0	509
13	0	0	0	0	506
14	0	0	0	0	517
15	0	0	0	0	515
0	0	0	0	0	508
1	0	0	0	0	508
2	0	0	0	0	497
3	0	0	0	0	496
4	0	0	0	0	497
5	0	0	0	0	498
6	0	0	0	0	499
7	0	0	0	0	499
8	0	0	0	0	486
9	0	0	0	0	497
10	0	0	0	0	488
11	0	0	0	0	492
12	0	0	0	0	496
13	0	0	0	0	503
14	0	0	0	0	512
15	0	0	0	0	517
0	0	0	0	0	520
1	0	0	0	0	519
2	0	0	0	0	530
3	0	0	0	0	523
4	0	0	0	0	526
5	0	0	0	0	523
6	0	0	0	0	520
7	0	0	0	0	519
8	0	0	0	0	533
9	0	0	0	0	545
10	0	0	0	0	547
11	0	0	0	0	551
12	0	0	0	0	558
13	0	0	0	0	543
14	0	0	0	0	527
15	0	0	0	0	508
0	0	0	0	0	489
1	0	0	0	0	489
2	0	0	0	0	479
3	0	0	0	0	483
4	0	0	0	0	474
5	0	0	0	0	483
6	0	0	0	0	496
7	0	0	0	0	499
8	0	0	0	0	502
9	0	0	0	0	485
10	0	0	0	0	584
11	0	0	0	0	848
12	0	0	0	0	1022
13	0	0	0	0	561
14	0	0	0	0	278
15	0	0	0	0	358
0	0	0	0	0	440
1	0	0	0	0	441
2	0	0	0	0	445
3	0	0	0	0	470
4	0	0	0	0	467
5	0	0	0	0	486
6	0	0	0	0	509
7	0	0	0	0	494
8	0	0	0	0	558
9	0	0	0	0	466
10	0	0	0	0	502
11	0	0	0	0	508
12	0	0	0	0	532
13	0	0	0	0	554
14	0	0	0	0	519
15	0	0	0	0	564
0	0	0	0	0	515
1	0	0	0	0	535
2	0	0	0	0	512
3	0	0	0	0	526
4	0	0	0	0	492
5	0	0	0	0	476
6	0	0	0	0	574
7	0	0	0	0	488
8	0	0	0	0	452
9	0	0	0	0	485
10	0	0	0	0	468
11	0	0	0	0	492
12	0	0	0	0	479
13	0	0	0	0	470
14	0	0	0	0	497
15	0	0	0	0	492
0	0	0	0	0	525
1	0	0	0	0	491
2	0	0	0	0	500
3	0	0	0	0	535
4	0	0	0	0	558
5	0	0	0	0	547
6	0	0	0	0	553
7	0	0	0	0	550
8	0	0	0	0	542
9	0	0	0	0	533
10	0	0	0	0	548
11	0	0	0	0	552
12	0	0	0	0	549
13	0	0	0	0	812
14	0	0	0	0	463
15	0	0	0	0	493
0	0	0	0	0	449
1	0	0	0	0	505
2	0	0	0	0	490
3	0	0	0	0	476
4	0	0	0	0	492
5	0	0	0	0	471
6	0	0	0	0	454
7	0	0	0	0	483
8	0	0	0	0	483
9	0	0	0	0	581
10	0	0	0	0	488
11	0	0	0	0	463
12	0	0	0	0	603
13	0	0	0	0	845
14	0	0	0	0	1022
15	0	0	0	0	506
0	0	0	0	0	271
1	0	0	0	0	348
2	0	0	0	0	415
3	0	0	0	0	425
4	0	0	0	0	436
5	0	0	0	0	474
6	0	0	0	0	438
7	0	0	0	0	459
8	0	0	0	0	467
9	0	0	0	0	476
10	0	0	0	0	495
11	0	0	0	0	476
12	0	0	0	0	488
13	0	0	0	0	493
14	0	0	0	0	504
15	0	0	0	0	510
0	0	0	0	0	512
1	0	0	0	0	515
2	0	0	0	0	505
3	0	0	0	0	527
4	0	0	0	0	516
5	0	0	0	0	530
6	0	0	0	0	489
7	0	0	0	0	490
8	0	0	0	0	482
9	0	0	0	0	476
10	0	0	0	0	482
11	0	0	0	0	468
12	0	0	0	0	476
13	0	0	0	0	471
14	0	0	0	0	477
15	0	0	0	0	475
0	0	0	0	0	475
1	0	0	0	0	472
2	0	0	0	0	486
3	0	0	0	0	495
4	0	0	0	0	497
5	0	0	0	0	493
6	0	0	0	0	507
7	0	0	0	0	504
8	0	0	0	0	502
9	0	0	0	0	501
10	0	0	0	0	504
11	0	0	0	0	493
12	0	0	0	0	507
13	0	0	0	0	485
14	0	0	0	0	496
15	0	0	0	0	520
0	0	0	0	0	523
1	0	0	0	0	528
2	0	0	0	0	543
3	0	0	0	0	539
4	0	0	0	0	513
5	0	0	0	0	505
6	0	0	0	0	486
7	0	0	0	0	474
8	0	0	0	0	459
9	0	0	0	0	475
10	0	0	0	0	468
11	0	0	0	0	484
12	0	0	0	0	492
13	0	0	0	0	486
14	0	0	0	0	496
15	0	0	0	0	492
0	0	0	0	0	496
1	0	0	0	0	646
2	0	0	0	0	905
3	0	0	0	0	933
4	0	0	0	0	426
5	0	0	0	0	264
6	0	0	0	0	375
7	0	0	0	0	432
8	0	0	0	0	438
9	0	0	0	0	438
10	0	0	0	0	463
11	0	0	0	0	468
12	0	0	0	0	470
13	0	0	0	0	476
14	0	0	0	0	486
15	0	0	0	0	495
0	0	0	0	0	491
1	0	0	0	0	509
2	0	0	0	0	514
3	0	0	0	0	515
4	0	0	0	0	508
5	0	0	0	0	516
6	0	0	0	0	520
7	0	0	0	0	519
8	0	0	0	0	521
9	0	0	0	0	519
10	0	0	0	0	509
11	0	0	0	0	514
12	0	0	0	0	489
13	0	0	0	0	500
14	0	0	0	0	504
15	0	0	0	0	499
0	0	0	0	0	502
1	0	0	0	0	504
2	0	0	0	0	499
3	0	0	0	0	495
4	0	0	0	0	496
5	0	0	0	0	506
6	0	0	0	0	500
7	0	0	0	0	508
8	0	0	0	0	517
9	0	0	0	0	527
10	0	0	0	0	519
11	0	0	0	0	518
12	0	0	0	0	524
13	0	0	0	0	522
14	0	0	0	0	519
15	0	0	0	0	517
0	0	0	0	0	514
1	0	0	0	0	511
2	0	0	0	0	515
3	0	0	0	0	518
4	0	0	0	0	532
5	0	0	0	0	528
6	0	0	0	0	539
7	0	0	0	0	560
8	0	0	0	0	547
9	0	0	0	0	530
10	0	0	0	0	511
11	0	0	0	0	489
12	0	0	0	0	481
13	0	0	0	0	479
14	0	0	0	0	476
15	0	0	0	0	487
0	0	0	0	0	480
1	0	0	0	0	484
2	0	0	0	0	496
3	0	0	0	0	496
4	0	0	0	0	491
5	0	0	0	0	513
6	0	0	0	0	664
7	0	0	0	0	929
8	0	0	0	0	856
9	0	0	0	0	409
10	0	0	0	0	270
11	0	0	0	0	380
12	0	0	0	0	431
13	0	0	0	0	429
14	0	0	0	0	439
15	0	0	0	0	458
0	0	0	0	0	464
1	0	0	0	0	473
2	0	0	0	0	478
3	0	0	0	0	487
4	0	0	0	0	495
5	0	0	0	0	499
6	0	0	0	0	506
7	0	0	0	0	516
8	0	0	0	0	511
9	0	0	0	0	516
10	0	0	0	0	526
11	0	0	0	0	523
12	0	0	0	0	532
13	0	0	0	0	520
14	0	0	0	0	515
15	0	0	0	0	512
0	0	0	0	0	511
1	0	0	0	0	499
2	0	0	0	0	494
3	0	0	0	0	502
4	0	0	0	0	503
5	0	0	0	0	504
6	0	0	0	0	495
7	0	0	0	0	500
8	0	0	0	0	501
9	0	0	0	0	496
10	0	0	0	0	504
11	0	0	0	0	519
12	0	0	0	0	518
13	0	0	0	0	516
14	0	0	0	0	523
15	0	0	0	0	517
0	0	0	0	0	531
1	0	0	0	0	519
2	0	0	0	0	527
3	0	0	0	0	510
4	0	0	0	0	515
5	0	0	0	0	513
6	0	0	0	0	516
7	0	0	0	0	518
8	0	0	0	0	523
9	0	0	0	0	528
10	0	0	0	0	534
11	0	0	0	0	543
12	0	0	0	0	562
13	0	0	0	0	544
14	0	0	0	0	529
15	0	0	0	0	515
0	0	0	0	0	499
1	0	0	0	0	475
2	0	0	0	0	473
3	0	0	0	0	474
4	0	0	0	0	475
5	0	0	0	0	490
6	0	0	0	0	495
7	0	0	0	0	488
8	0	0	0	0	496
9	0	0	0	0	492
10	0	0	0	0	521
11	0	0	0	0	694
12	0	0	0	0	959
13	0	0	0	0	796
14	0	0	0	0	352
15	0	0	0	0	281
0	0	0	0	0	395
1	0	0	0	0	427
2	0	0	0	0	433
3	0	0	0	0	448
4	0	0	0	0	455
5	0	0	0	0	461
6	0	0	0	0	471
7	0	0	0	0	477
8	0	0	0	0	484
9	0	0	0	0	488
10	0	0	0	0	497
11	0	0	0	0	504
12	0	0	0	0	504
13	0	0	0	0	511
14	0	0	0	0	512
15	0	0	0	0	514
0	0	0	0	0	519
1	0	0	0	0	522
2	0	0	0	0	508
3	0	0	0	0	516
4	0	0	0	0	504
5	0	0	0	0	495
6	0	0	0	0	487
7	0	0	0	0	499
8	0	0	0	0	506
9	0	0	0	0	488
10	0	0	0	0	494
11	0	0	0	0	487
12	0	0	0	0	489
13	0	0	0	0	496
14	0	0	0	0	503
15	0	0	0	0	495
0	0	0	0	0	499
1	0	0	0	0	512
2	0	0	0	0	518
3	0	0	0	0	511
4	0	0	0	0	510
5	0	0	0	0	515
6	0	0	0	0	516
7	0	0	0	0	513
8	0	0	0	0	508
9	0	0	0	0	510
10	0	0	0	0	510
11	0	0	0	0	510
12	0	0	0	0	508
13	0	0	0	0	507
14	0	0	0	0	502
15	0	0	0	0	506
0	0	0	0	0	506
1	0	0	0	0	511
2	0	0	0	0	528
3	0	0	0	0	532
4	0	0	0	0	537
5	0	0	0	0	548
6	0	0	0	0	536
7	0	0	0	0	522
8	0	0	0	0	506
9	0	0	0	0	491
10	0	0	0	0	487
11	0	0	0	0	481
12	0	0	0	0	488
13	0	0	0	0	480
14	0	0	0	0	497
15	0	0	0	0	495
0	0	0	0	0	500
1	0	0	0	0	507
2	0	0	0	0	495
3	0	0	0	0	542
4	0	0	0	0	750
5	0	0	0	0	995
6	0	0	0	0	692
7	0	0	0	0	318
8	0	0	0	0	299
9	0	0	0	0	415
10	0	0	0	0	435
